Pełna nazwa,Marka,Model,Link,Liczba drzwi,Liczba miejsc,Średnica zawracania,Promień skrętu,Długość,Szerokość,Wysokość,Rozstaw osi,Rozstaw kół - przód,Rozstaw kół - tył,Zwis przedni,Zwis tylny,Prześwit,Długość z hakiem holowniczym,Szerokość z lusterkami bocznymi,Szerokość ze złożonymi lusterkami bocznymi,Szerokość przy otwartych drzwiach z przodu,Szerokość przy otwartych drzwiach z tyłu,Wysokość z relingami dachowymi,Wysokość z anteną,Wysokość przy otwartej klapie bagażnika,Wysokość przy otwartej pokrywie silnika,Prześwit 4x4,Odległość od siedziska przedniego do dachu,Szerokość nad podłokietnikami z przodu,Odległość oparcia fotela przedniego od kierownicy,Długość kolumny kierownicy,Odległość oparcia przedniego od komory silnika,Wysokość siedziska przedniego,Długość siedziska przedniego,Wysokość oparcia przedniego,Odległość pomiędzy siedzeniami przednimi i tylnymi,Odległość od siedziska tylnego do dachu,Odległość od podłogi do siedziska tylnego,Długość siedziska tylnego,Wysokość oparcia tylnego,Szerokość nad podłokietnikami z tyłu,Szerokość na wysokości podłokietników z przodu,Szerokość na wysokości podłokietników z tyłu,Przestrzeń wsiadania z przodu - szerokość,Przestrzeń wsiadania z przodu - wysokość,Przestrzeń wsiadania z tyłu - szerokość,Przestrzeń wsiadania z tyłu - wysokość,Zakres przesuwania foteli przednich,Całkowita długość wnętrza kabiny,Całkowita szerokość wnętrza kabiny,Całkowita wysokość wnętrza kabiny,Minimalna pojemność bagażnika (siedzenia rozłożone),Maksymalna pojemność bagażnika (siedzenia złożone),Szerokość pomiędzy nadkolami,Wysokość bagażnika,Szerokość bagażnika,Długość do oparcia tylnej kanapy,Długość ze złożoną tylną kanapą,Wysokość progu załadowczego,Kąt natarcia,Kąt rampowy,Kąt zejścia,Kąt przechyłu bocznego,Możliwość podjazdu,Głębokość brodzenia,Maksymalna ładowność,Dopuszczalne obciążenie dachu,Powierzchnia „przejrzysta” przedniej szyby,Całkowita powierzchnia „przejrzysta” szyb,Produkowany,Pojemność skokowa,Typ silnika,Moc silnika,Maksymalny moment obrotowy,Doładowanie,Umiejscowienie wałka rozrządu,Liczba cylindrów,Układ cylindrów,Liczba zaworów,Stopień sprężania,Średnica cylindra × skok tłoka,Zapłon,Typ wtrysku,Montaż silnika,Układ paliwowy,Dodatkowe informacje,Rodzaj układu kierowniczego,Opony podstawowe,Opony opcjonalne,Felgi podstawowe,Felgi opcjonalne,Rozstaw śrub,Rodzaj hamulców (przód),Rodzaj hamulców (tył),Średnica tarcz hamulcowych (przód),Średnica tarcz hamulcowych (tył),Hamowanie (100 do 0km/h) z ABS,Typ układu hamulcowego,Grubość tarcz hamulcowych (przód),Grubość tarcz hamulcowych (tył),Rodzaj zawieszenia (przód),Rodzaj zawieszenia  (tył),Amortyzatory,Rodzaj skrzyni,Liczba biegów,Rodzaj napędu,Nazwa skrzyni,Rodzaj sprzęgła,Prędkość maksymalna,Przyspieszenie (od 0 do 100km/h),400 metrów ze startu zatrzymanego,1000 metrów ze startu zatrzymanego,Średnie spalanie (cykl mieszany),Spalanie na trasie (na autostradzie),Spalanie w mieście,Pojemność zbiornika paliwa,Zasięg (cykl mieszany),Zasięg (autostrada),Zasięg (miasto),Emisja CO₂,Norma emisji spalin,Minimalna masa własna pojazdu (bez obciążenia),Maksymalna masa całkowita pojazdu (w pełni obciążonego),Maksymalna masa przyczepy z hamulcami,Maksymalna masa przyczepy bez hamulców,Maksymalny nacisk na hak,Pojemność akumulatora,Pojemność akumulatora w wersji z klimatyzacja,System start&stop,Kod silnika,Liczba stopni
Abarth 124 Spider 1.4 T-Jet 170KM 125kW 2016-2019,abarth,124 spider,https://www.autocentrum.pl/dane-techniczne/abarth/124-spider/silnik-benzynowy-1.4-t-jet-170km-2016-2019/,2,2,9.4 m,4.7 m,4054 mm,1740 mm,1740 mm,2310 mm,1496 mm,1503 mm,834 mm,910 mm,110 mm,brak danych,brak danych,brak danych,brak danych,brak danych,brak danych,brak danych,brak danych,brak danych,brak danych,950 mm,1320 mm,brak danych,brak danych,brak danych,brak danych,brak danych,brak danych,brak danych,brak danych,brak danych,brak danych,brak danych,brak danych,brak danych,brak danych,brak danych,brak danych,brak danych,brak danych,brak danych,brak danych,brak danych,brak danych,140 l,brak danych,brak danych,brak danych,brak danych,brak danych,brak danych,brak danych,13.1 °,brak danych,brak danych,brak danych,brak danych,brak danych,brak danych,brak danych,brak danych,brak danych,od 2016 do 2019 roku,1368 cm³,benzynowy,170 KM (125 kW) przy 5500 obr/min,250 Nm przy 2500 obr/min,turbosprężarkowe,DOHC,4,rzędowy,16,10.0 : 1,72 × 84 mm,iskrowy,wielopunktowy (MPI),brak danych,brak danych,brak danych,przekładnia zębatkowa ze wspomaganiem elektrycznym,195/50 R16,205/45 R17,brak danych,brak danych,brak danych,tarczowe wentylowane,tarczowe,279 mm,279 mm,brak danych,brak danych,brak danych,brak danych,wielowahaczowe double wishbone,system o architekturze Multilink,gazowe,automatyczna,6,na tylną oś,brak danych,brak danych,229 km/h,6.8 s,14.7 s,27.2 s,6.6 l/100km,5.2 l/100km,9.1 l/100km,45 l,682 km,865 km,495 km,153 g/km,Euro 6,1081 kg,brak danych,brak danych,brak danych,brak danych,brak danych,brak danych,dostępny,brak danych,6
Abarth 500 I Cabrio Seria 1 1.4 T-Jet 16V 135KM 99kW 2014-2016,abarth,500,https://www.autocentrum.pl/dane-techniczne/abarth/500/i/cabrio-seria-1/silnik-benzynowy-1.4-t-jet-16v-135km-2014-2016/,2,4,10.7 m,brak danych,3657 mm,1627 mm,1485 mm,2300 mm,1409 mm,1402 mm,776 mm,581 mm,brak danych,brak danych,1893 mm,brak danych,brak danych,brak danych,brak danych,brak danych,brak danych,brak danych,brak danych,brak danych,brak danych,brak danych,brak danych,brak danych,brak danych,brak danych,brak danych,brak danych,brak danych,brak danych,brak danych,brak danych,brak danych,brak danych,brak danych,brak danych,brak danych,brak danych,brak danych,brak danych,brak danych,brak danych,brak danych,brak danych,brak danych,brak danych,brak danych,brak danych,brak danych,brak danych,brak danych,brak danych,brak danych,brak danych,brak danych,brak danych,brak danych,brak danych,brak danych,brak danych,brak danych,od 2014 do 2016 roku,1368 cm³,benzynowy,135 KM (99 kW) przy 5500 obr/min,180 Nm przy 3000 obr/min,turbosprężarkowe,DOHC,4,rzędowy,16,10.0 : 1,70.8 × 78.86 mm,statyczny ze sterowaniem elektronicznym cyfrowym zintegrowany z wtryskiem,wielopunktowy (MPI),"z przodu, poprzecznie",brak danych,brak danych,zębatkowy z elektrycznym wspomaganiem kierownicy Dualdrive,195/45 R16,205/40 R17,brak danych,brak danych,brak danych,tarczowe wentylowane,tarczowe,284 mm,240 mm,brak danych,brak danych,brak danych,brak danych,"niezależne typu McPherson, z wahaczem poprzecznym mocowanym do belki","półniezależne, belka skrętna z drążkiem stabilizatora",brak danych,automatyczna,brak danych,na przednią oś,brak danych,brak danych,205 km/h,8.1 s,brak danych,brak danych,6.5 l/100km,5.4 l/100km,8.4 l/100km,35 l,538 km,648 km,417 km,150 g/km,Euro 6,1085 kg,brak danych,brak danych,brak danych,brak danych,brak danych,brak danych,brak danych,brak danych,5
Abarth 500 I Cabrio Seria 1 1.4 T-Jet 16V 140KM 103kW 2012-2014,abarth,500,https://www.autocentrum.pl/dane-techniczne/abarth/500/i/cabrio-seria-1/silnik-benzynowy-1.4-t-jet-16v-140km-2012-2014/,2,4,10.7 m,brak danych,3657 mm,1627 mm,1485 mm,2300 mm,1409 mm,1402 mm,776 mm,581 mm,brak danych,brak danych,1893 mm,brak danych,brak danych,brak danych,brak danych,brak danych,brak danych,brak danych,brak danych,brak danych,brak danych,brak danych,brak danych,brak danych,brak danych,brak danych,brak danych,brak danych,brak danych,brak danych,brak danych,brak danych,brak danych,brak danych,brak danych,brak danych,brak danych,brak danych,brak danych,brak danych,brak danych,brak danych,brak danych,brak danych,brak danych,brak danych,brak danych,brak danych,brak danych,brak danych,brak danych,brak danych,brak danych,brak danych,brak danych,brak danych,brak danych,brak danych,brak danych,brak danych,brak danych,od 2012 do 2014 roku,1368 cm³,benzynowy,140 KM (103 kW) przy 5500 obr/min,180 Nm przy 2000 obr/min,turbosprężarkowe,DOHC,4,rzędowy,16,10.0 : 1,72.2 × 84 mm,statyczny ze sterowaniem elektronicznym cyfrowym zintegrowany z wtryskiem,wielopunktowy (MPI),"z przodu, poprzecznie",brak danych,brak danych,zębatkowy z elektrycznym wspomaganiem kierownicy Dualdrive,195/45 R16,205/40 R17,brak danych,brak danych,brak danych,tarczowe wentylowane,tarczowe,284 mm,240 mm,brak danych,brak danych,brak danych,brak danych,"niezależne typu McPherson, z wahaczem poprzecznym mocowanym do belki","półniezależne, belka skrętna z drążkiem stabilizatora",brak danych,automatyczna,brak danych,na przednią oś,brak danych,brak danych,205 km/h,8.1 s,brak danych,brak danych,6.5 l/100km,5.4 l/100km,8.4 l/100km,35 l,538 km,648 km,417 km,151 g/km,Euro 5,1161 kg,brak danych,800 kg,brak danych,brak danych,50 Ah,brak danych,brak danych,brak danych,5
Abarth 500 I Cabrio Seria 1 1.4 T-Jet 16V 160KM 118kW 2012-2016,abarth,500,https://www.autocentrum.pl/dane-techniczne/abarth/500/i/cabrio-seria-1/silnik-benzynowy-1.4-t-jet-16v-160km-2012-2016/,2,4,10.7 m,brak danych,3657 mm,1627 mm,1485 mm,2300 mm,1409 mm,1402 mm,776 mm,581 mm,brak danych,brak danych,1893 mm,brak danych,brak danych,brak danych,brak danych,brak danych,brak danych,brak danych,brak danych,brak danych,brak danych,brak danych,brak danych,brak danych,brak danych,brak danych,brak danych,brak danych,brak danych,brak danych,brak danych,brak danych,brak danych,brak danych,brak danych,brak danych,brak danych,brak danych,brak danych,brak danych,brak danych,brak danych,brak danych,brak danych,brak danych,brak danych,brak danych,brak danych,brak danych,brak danych,brak danych,brak danych,brak danych,brak danych,brak danych,brak danych,brak danych,brak danych,brak danych,brak danych,brak danych,od 2012 do 2016 roku,1368 cm³,benzynowy,160 KM (118 kW) przy 5750 obr/min,201 Nm przy 3000 obr/min,turbosprężarkowe,DOHC,4,rzędowy,16,10.0 : 1,72.2 × 84 mm,statyczny ze sterowaniem elektronicznym cyfrowym zintegrowany z wtryskiem,bezpośredni,"z przodu, poprzecznie",brak danych,brak danych,zębatkowy z elektrycznym wspomaganiem kierownicy Dualdrive,205/40 R17,brak danych,brak danych,brak danych,brak danych,tarczowe wentylowane,tarczowe,284 mm,240 mm,brak danych,brak danych,brak danych,brak danych,"niezależne typu McPherson, z wahaczem poprzecznym mocowanym do belki","półniezależne, belka skrętna z drążkiem stabilizatora",brak danych,automatyczna,5,na przednią oś,brak danych,hydrokinetyczne,210 km/h,7.6 s,brak danych,brak danych,6.5 l/100km,5.4 l/100km,8.4 l/100km,35 l,538 km,648 km,417 km,150 g/km,Euro 6,1085 kg,brak danych,brak danych,brak danych,brak danych,brak danych,brak danych,brak danych,brak danych,5
Abarth 500 I Cabrio Seria 1 1.4 T-Jet 16V 180KM 132kW 2015,abarth,500,https://www.autocentrum.pl/dane-techniczne/abarth/500/i/cabrio-seria-1/silnik-benzynowy-1.4-t-jet-16v-180km-2015/,2,4,10.7 m,brak danych,3657 mm,1627 mm,1485 mm,2300 mm,1409 mm,1402 mm,776 mm,581 mm,brak danych,brak danych,1893 mm,brak danych,brak danych,brak danych,brak danych,brak danych,brak danych,brak danych,brak danych,brak danych,brak danych,brak danych,brak danych,brak danych,brak danych,brak danych,brak danych,brak danych,brak danych,brak danych,brak danych,brak danych,brak danych,brak danych,brak danych,brak danych,brak danych,brak danych,brak danych,brak danych,brak danych,brak danych,brak danych,brak danych,brak danych,brak danych,brak danych,brak danych,brak danych,brak danych,brak danych,brak danych,brak danych,brak danych,brak danych,brak danych,brak danych,brak danych,brak danych,brak danych,brak danych,w 2015 roku,1368 cm³,benzynowy,180 KM (132 kW) przy 5500 obr/min,250 Nm przy 3000 obr/min,turbosprężarkowe,DOHC,4,rzędowy,16,10.0 : 1,72 × 84 mm,brak danych,bezpośredni,"z przodu, poprzecznie",brak danych,brak danych,elektryczne wspomaganie kierownicy Dualdrive z trybem Sport Boost,205/40 R17,brak danych,brak danych,brak danych,brak danych,tarczowe wentylowane,tarczowe,305 mm,240 mm,brak danych,brak danych,28 mm,11 mm,kolumny McPhersona,belka skrętna,brak danych,manualna,6,na przednią oś,brak danych,brak danych,230 km/h,5.9 s,brak danych,brak danych,6.5 l/100km,5.4 l/100km,8.5 l/100km,35 l,538 km,648 km,412 km,155 g/km,Euro 6,997 kg,brak danych,brak danych,brak danych,brak danych,brak danych,brak danych,brak danych,brak danych,""
Abarth 500 I Cabrio Seria 4 1.4 T-Jet 145KM 107kW 2016-2023,abarth,500,https://www.autocentrum.pl/dane-techniczne/abarth/500/i/cabrio-seria-4/silnik-benzynowy-1.4-t-jet-145km-2016-2023/,2,4,9.3 m,4.7 m,3660 mm,1627 mm,1485 mm,2300 mm,1415 mm,1408 mm,brak danych,brak danych,130 mm,brak danych,1883 mm,brak danych,brak danych,brak danych,brak danych,brak danych,brak danych,brak danych,brak danych,brak danych,brak danych,brak danych,brak danych,brak danych,brak danych,brak danych,brak danych,brak danych,brak danych,brak danych,brak danych,brak danych,brak danych,brak danych,brak danych,brak danych,brak danych,brak danych,brak danych,brak danych,brak danych,brak danych,brak danych,185 l,625 l,brak danych,brak danych,brak danych,brak danych,brak danych,brak danych,brak danych,brak danych,brak danych,brak danych,brak danych,brak danych,brak danych,brak danych,brak danych,brak danych,od 2016 do 2023 roku,1368 cm³,benzynowy,145 KM (107 kW) przy 5500 obr/min,180 Nm przy 3000 obr/min,turbosprężarkowe,OHC z popychaczami hydraulicznymi (pasek zębaty),4,rzędowy,16,9.8 : 1,72.2 × 84 mm,statyczny ze sterowaniem elektronicznym cyfrowym zintegrowany z wtryskiem,brak danych,"z przodu, poprzecznie","fazowany, sekwencyjny wtrysk, wielopunktowy MPI z turbosprężarką o stałej geometrii łopatek i chłodnicą powietrza doładowującego",brak danych,zębatkowy z elektrycznym wspomaganiem kierownicy Dualdrive,195/45 R16,brak danych,brak danych,brak danych,brak danych,tarczowe wentylowane,tarczowe,274 mm,240 mm,brak danych,brak danych,brak danych,brak danych,"niezależne typu McPherson, z wahaczem poprzecznym mocowanym do belki","półniezależne, belka skrętna z drążkiem stabilizatora",brak danych,manualna,5,na przednią oś,brak danych,brak danych,210 km/h,7.8 s,brak danych,brak danych,6.0 l/100km,4.9 l/100km,7.9 l/100km,35 l,583 km,714 km,443 km,162 g/km,Euro 6d,1120 kg,brak danych,brak danych,brak danych,brak danych,brak danych,brak danych,brak danych,brak danych,""
Abarth 500 I Cabrio Seria 4 1.4 T-Jet 160KM 118kW 2016-2019,abarth,500,https://www.autocentrum.pl/dane-techniczne/abarth/500/i/cabrio-seria-4/silnik-benzynowy-1.4-t-jet-160km-2016-2019/,2,4,9.3 m,4.7 m,3660 mm,1627 mm,1485 mm,2300 mm,1415 mm,1408 mm,brak danych,brak danych,130 mm,brak danych,1883 mm,brak danych,brak danych,brak danych,brak danych,brak danych,brak danych,brak danych,brak danych,brak danych,brak danych,brak danych,brak danych,brak danych,brak danych,brak danych,brak danych,brak danych,brak danych,brak danych,brak danych,brak danych,brak danych,brak danych,brak danych,brak danych,brak danych,brak danych,brak danych,brak danych,brak danych,brak danych,brak danych,185 l,625 l,brak danych,brak danych,brak danych,brak danych,brak danych,brak danych,brak danych,brak danych,brak danych,brak danych,brak danych,brak danych,brak danych,brak danych,brak danych,brak danych,od 2016 do 2019 roku,1368 cm³,benzynowy,160 KM (118 kW) przy 5750 obr/min,230 Nm przy 3000 obr/min,turbosprężarkowe,DOHC,4,rzędowy,16,9.0 : 1,72 × 84 mm,elektroniczny,bezpośredni,brak danych,brak danych,brak danych,przekładnia zębatkowa ze wspomaganiem elektrycznym,205/40 R17,brak danych,brak danych,brak danych,brak danych,tarczowe wentylowane,tarczowe wentylowane,brak danych,brak danych,brak danych,brak danych,brak danych,brak danych,"niezależne typu McPherson, sprężyny śrubowe",belka skrętna,brak danych,manualna,5,na przednią oś,brak danych,brak danych,211 km/h,7.4 s,brak danych,brak danych,5.8 l/100km,4.7 l/100km,7.6 l/100km,35 l,603 km,745 km,461 km,134 g/km,Euro 6,1110 kg,brak danych,brak danych,brak danych,brak danych,brak danych,brak danych,brak danych,brak danych,""
Abarth 500 I Cabrio Seria 4 1.4 T-Jet 165KM 121kW 2016-2023,abarth,500,https://www.autocentrum.pl/dane-techniczne/abarth/500/i/cabrio-seria-4/silnik-benzynowy-1.4-t-jet-165km-2016-2023/,2,4,9.3 m,4.7 m,3660 mm,1627 mm,1485 mm,2300 mm,1415 mm,1408 mm,brak danych,brak danych,130 mm,brak danych,1883 mm,brak danych,brak danych,brak danych,brak danych,brak danych,brak danych,brak danych,brak danych,brak danych,brak danych,brak danych,brak danych,brak danych,brak danych,brak danych,brak danych,brak danych,brak danych,brak danych,brak danych,brak danych,brak danych,brak danych,brak danych,brak danych,brak danych,brak danych,brak danych,brak danych,brak danych,brak danych,brak danych,185 l,625 l,brak danych,brak danych,brak danych,brak danych,brak danych,brak danych,brak danych,brak danych,brak danych,brak danych,brak danych,brak danych,brak danych,brak danych,brak danych,brak danych,od 2016 do 2023 roku,1368 cm³,benzynowy,165 KM (121 kW) przy 5500 obr/min,201 Nm przy 2250 obr/min,turbosprężarkowe,OHC z popychaczami hydraulicznymi (pasek zębaty),4,rzędowy,16,9.0 : 1,72.2 × 84 mm,statyczny ze sterowaniem elektronicznym cyfrowym zintegrowany z wtryskiem,brak danych,"z przodu, poprzecznie","fazowany, sekwencyjny wtrysk, wielopunktowy MPI z turbosprężarką o stałej geometrii łopatek i chłodnicą powietrza doładowującego",brak danych,zębatkowy z elektrycznym wspomaganiem kierownicy Dualdrive,205/40 R17,brak danych,brak danych,brak danych,brak danych,tarczowe wentylowane,tarczowe,284 mm,240 mm,brak danych,brak danych,brak danych,brak danych,"niezależne typu McPherson, z wahaczem poprzecznym mocowanym do belki","półniezależne, belka skrętna z drążkiem stabilizatora",brak danych,manualna,5,na przednią oś,brak danych,brak danych,218 km/h,7.3 s,brak danych,brak danych,6.0 l/100km,4.9 l/100km,7.9 l/100km,35 l,583 km,714 km,443 km,165 g/km,Euro 6d,1140 kg,brak danych,brak danych,brak danych,brak danych,brak danych,brak danych,brak danych,brak danych,""
Abarth 500 I Cabrio Seria 4 1.4 T-Jet 180KM 132kW 2016-2023,abarth,500,https://www.autocentrum.pl/dane-techniczne/abarth/500/i/cabrio-seria-4/silnik-benzynowy-1.4-t-jet-180km-2016-2023/,2,4,9.3 m,4.7 m,3660 mm,1627 mm,1485 mm,2300 mm,1415 mm,1408 mm,brak danych,brak danych,130 mm,brak danych,1883 mm,brak danych,brak danych,brak danych,brak danych,brak danych,brak danych,brak danych,brak danych,brak danych,brak danych,brak danych,brak danych,brak danych,brak danych,brak danych,brak danych,brak danych,brak danych,brak danych,brak danych,brak danych,brak danych,brak danych,brak danych,brak danych,brak danych,brak danych,brak danych,brak danych,brak danych,brak danych,brak danych,185 l,625 l,brak danych,brak danych,brak danych,brak danych,brak danych,brak danych,brak danych,brak danych,brak danych,brak danych,brak danych,brak danych,brak danych,brak danych,brak danych,brak danych,od 2016 do 2023 roku,1368 cm³,benzynowy,180 KM (132 kW) przy 5500 obr/min,250 Nm przy 3000 obr/min,turbosprężarkowe,OHC z popychaczami hydraulicznymi (pasek zębaty),4,rzędowy,16,9.0 : 1,72.2 × 84 mm,statyczny ze sterowaniem elektronicznym cyfrowym zintegrowany z wtryskiem,brak danych,"z przodu, poprzecznie","fazowany, sekwencyjny wtrysk, wielopunktowy MPI z turbosprężarką o stałej geometrii łopatek i chłodnicą powietrza doładowującego",brak danych,zębatkowy z elektrycznym wspomaganiem kierownicy Dualdrive,205/40 R17,brak danych,brak danych,brak danych,brak danych,tarczowe wentylowane,tarczowe,305 mm,240 mm,brak danych,brak danych,brak danych,brak danych,"niezależne typu McPherson, z wahaczem poprzecznym mocowanym do belki","półniezależne, belka skrętna z drążkiem stabilizatora",brak danych,automatyczna,5,na przednią oś,MTA,hydrokinetyczne,225 km/h,6.9 s,brak danych,brak danych,5.8 l/100km,4.7 l/100km,7.6 l/100km,35 l,603 km,745 km,461 km,134 g/km,Euro 6d,1090 kg,brak danych,brak danych,brak danych,brak danych,brak danych,brak danych,dostępny,312B4000,5
Abarth 500 I Cabrio 1.4 T-JET 135KM 99kW 2010,abarth,500,https://www.autocentrum.pl/dane-techniczne/abarth/500/i/cabrio/silnik-benzynowy-1.4-t-jet-135km-2010/,2,"",10.6 m,brak danych,3657 mm,1627 mm,1485 mm,2300 mm,1409 mm,1402 mm,776 mm,581 mm,brak danych,brak danych,1893 mm,brak danych,brak danych,brak danych,brak danych,brak danych,brak danych,brak danych,brak danych,brak danych,brak danych,brak danych,brak danych,brak danych,brak danych,brak danych,brak danych,brak danych,brak danych,brak danych,brak danych,brak danych,brak danych,brak danych,brak danych,brak danych,brak danych,brak danych,brak danych,brak danych,brak danych,brak danych,brak danych,182 l,520 l,brak danych,brak danych,brak danych,brak danych,brak danych,brak danych,brak danych,brak danych,brak danych,brak danych,brak danych,brak danych,brak danych,brak danych,brak danych,brak danych,w 2010 roku,1368 cm³,benzynowy,135 KM (99 kW) przy 5500 obr/min,206 Nm przy 3000 obr/min,turbosprężarkowe,DOHC,4,rzędowy,16,"",brak danych,brak danych,brak danych,brak danych,brak danych,brak danych,elektryczne wspomaganie kierownicy Dualdrive z trybem Sport Boost,195/45 R16,205/45 R17,6.5 X 16,7 x 17,brak danych,tarczowe wentylowane,tarczowe,284 mm,240 mm,brak danych,brak danych,22 mm,11 mm,typu McPherson,belka skrętna,brak danych,manualna,5,na przednią oś,brak danych,brak danych,205 km/h,7.9 s,brak danych,brak danych,6.5 l/100km,5.4 l/100km,8.5 l/100km,35 l,538 km,648 km,412 km,155 g/km,Euro 5,1100 kg,brak danych,brak danych,brak danych,brak danych,brak danych,brak danych,brak danych,brak danych,""
Abarth 500 I Cabrio 1.4 T-JET 140KM 103kW 2011-2012,abarth,500,https://www.autocentrum.pl/dane-techniczne/abarth/500/i/cabrio/silnik-benzynowy-1.4-t-jet-140km-2011-2012/,2,"",10.6 m,brak danych,3657 mm,1627 mm,1485 mm,2300 mm,1409 mm,1402 mm,776 mm,581 mm,brak danych,brak danych,1893 mm,brak danych,brak danych,brak danych,brak danych,brak danych,brak danych,brak danych,brak danych,brak danych,brak danych,brak danych,brak danych,brak danych,brak danych,brak danych,brak danych,brak danych,brak danych,brak danych,brak danych,brak danych,brak danych,brak danych,brak danych,brak danych,brak danych,brak danych,brak danych,brak danych,brak danych,brak danych,brak danych,182 l,520 l,brak danych,brak danych,brak danych,brak danych,brak danych,brak danych,brak danych,brak danych,brak danych,brak danych,brak danych,brak danych,brak danych,brak danych,brak danych,brak danych,od 2011 do 2012 roku,1368 cm³,benzynowy,140 KM (103 kW) przy 5500 obr/min,206 Nm przy 2000 obr/min,turbosprężarkowe,DOHC,4,rzędowy,16,"",brak danych,brak danych,brak danych,brak danych,brak danych,brak danych,elektryczne wspomaganie kierownicy Dualdrive z trybem Sport Boost,205/40 R17,brak danych,7 J X 17,brak danych,brak danych,tarczowe wentylowane,tarczowe,284 mm,240 mm,brak danych,brak danych,22 mm,11 mm,typu McPherson,belka skrętna,brak danych,automatyczna,5,na przednią oś,MTA,brak danych,205 km/h,8.1 s,brak danych,brak danych,6.5 l/100km,5.4 l/100km,8.5 l/100km,35 l,538 km,648 km,412 km,151 g/km,Euro 5,brak danych,brak danych,brak danych,brak danych,brak danych,brak danych,brak danych,brak danych,brak danych,5
Abarth 500 I Hatchback Seria 1 1.4 T-Jet 16V 135KM 99kW 2012-2016,abarth,500,https://www.autocentrum.pl/dane-techniczne/abarth/500/i/hatchback-seria-1/silnik-benzynowy-1.4-t-jet-16v-135km-2012-2016/,2,4,10.7 m,brak danych,3657 mm,1627 mm,1485 mm,2300 mm,1409 mm,1402 mm,776 mm,581 mm,brak danych,brak danych,1893 mm,brak danych,brak danych,brak danych,brak danych,brak danych,brak danych,brak danych,brak danych,brak danych,brak danych,brak danych,brak danych,brak danych,brak danych,brak danych,brak danych,brak danych,brak danych,brak danych,brak danych,brak danych,brak danych,brak danych,brak danych,brak danych,brak danych,brak danych,brak danych,brak danych,brak danych,brak danych,brak danych,brak danych,brak danych,brak danych,brak danych,brak danych,brak danych,brak danych,brak danych,brak danych,brak danych,brak danych,brak danych,brak danych,brak danych,brak danych,brak danych,brak danych,brak danych,od 2012 do 2016 roku,1368 cm³,benzynowy,135 KM (99 kW) przy 5500 obr/min,180 Nm przy 3000 obr/min,turbosprężarkowe,DOHC,4,rzędowy,16,10.0 : 1,72.2 × 84 mm,statyczny ze sterowaniem elektronicznym cyfrowym zintegrowany z wtryskiem,wielopunktowy (MPI),"z przodu, poprzecznie",brak danych,brak danych,zębatkowy z elektrycznym wspomaganiem kierownicy Dualdrive,195/45 R16,205/40 R17,brak danych,brak danych,brak danych,tarczowe wentylowane,tarczowe,284 mm,240 mm,brak danych,brak danych,brak danych,brak danych,"niezależne typu McPherson, z wahaczem poprzecznym mocowanym do belki","półniezależne, belka skrętna z drążkiem stabilizatora",brak danych,automatyczna,5,na przednią oś,brak danych,brak danych,205 km/h,8.1 s,brak danych,brak danych,6.5 l/100km,5.4 l/100km,8.4 l/100km,35 l,538 km,648 km,417 km,150 g/km,Euro 6,1085 kg,brak danych,brak danych,brak danych,brak danych,brak danych,brak danych,brak danych,brak danych,5
Abarth 500 I Hatchback Seria 1 1.4 T-Jet 16V 160KM 118kW 2012-2016,abarth,500,https://www.autocentrum.pl/dane-techniczne/abarth/500/i/hatchback-seria-1/silnik-benzynowy-1.4-t-jet-16v-160km-2012-2016/,2,4,10.7 m,brak danych,3657 mm,1627 mm,1485 mm,2300 mm,1409 mm,1402 mm,776 mm,581 mm,brak danych,brak danych,1893 mm,brak danych,brak danych,brak danych,brak danych,brak danych,brak danych,brak danych,brak danych,brak danych,brak danych,brak danych,brak danych,brak danych,brak danych,brak danych,brak danych,brak danych,brak danych,brak danych,brak danych,brak danych,brak danych,brak danych,brak danych,brak danych,brak danych,brak danych,brak danych,brak danych,brak danych,brak danych,brak danych,brak danych,brak danych,brak danych,brak danych,brak danych,brak danych,brak danych,brak danych,brak danych,brak danych,brak danych,brak danych,brak danych,brak danych,brak danych,brak danych,brak danych,brak danych,od 2012 do 2016 roku,1368 cm³,benzynowy,160 KM (118 kW) przy 5750 obr/min,201 Nm przy 3000 obr/min,turbosprężarkowe,DOHC,4,rzędowy,16,10.0 : 1,72.2 × 84 mm,statyczny ze sterowaniem elektronicznym cyfrowym zintegrowany z wtryskiem,wielopunktowy (MPI),"z przodu, poprzecznie",brak danych,brak danych,zębatkowy z elektrycznym wspomaganiem kierownicy Dualdrive,205/40 R17,brak danych,brak danych,brak danych,brak danych,tarczowe wentylowane,tarczowe,284 mm,240 mm,brak danych,brak danych,brak danych,brak danych,"niezależne typu McPherson, z wahaczem poprzecznym mocowanym do belki","półniezależne, belka skrętna z drążkiem stabilizatora",brak danych,automatyczna,5,na przednią oś,brak danych,hydrokinetyczne,210 km/h,7.6 s,brak danych,brak danych,6.5 l/100km,5.4 l/100km,8.4 l/100km,35 l,538 km,648 km,417 km,150 g/km,Euro 6,1085 kg,brak danych,brak danych,brak danych,brak danych,brak danych,brak danych,brak danych,brak danych,5
Abarth 500 I Hatchback Seria 1 1.4 T-Jet 16V 180KM 132kW 2015-2016,abarth,500,https://www.autocentrum.pl/dane-techniczne/abarth/500/i/hatchback-seria-1/silnik-benzynowy-1.4-t-jet-16v-180km-2015-2016/,2,4,10.7 m,brak danych,3657 mm,1627 mm,1485 mm,2300 mm,1409 mm,1402 mm,776 mm,581 mm,brak danych,brak danych,1893 mm,brak danych,brak danych,brak danych,brak danych,brak danych,brak danych,brak danych,brak danych,brak danych,brak danych,brak danych,brak danych,brak danych,brak danych,brak danych,brak danych,brak danych,brak danych,brak danych,brak danych,brak danych,brak danych,brak danych,brak danych,brak danych,brak danych,brak danych,brak danych,brak danych,brak danych,brak danych,brak danych,brak danych,brak danych,brak danych,brak danych,brak danych,brak danych,brak danych,brak danych,brak danych,brak danych,brak danych,brak danych,brak danych,brak danych,brak danych,brak danych,brak danych,brak danych,od 2015 do 2016 roku,1368 cm³,benzynowy,180 KM (132 kW) przy 5500 obr/min,250 Nm przy 3000 obr/min,turbosprężarkowe,DOHC,4,rzędowy,16,10.0 : 1,72 × 84 mm,brak danych,bezpośredni,"z przodu, poprzecznie",brak danych,brak danych,elektryczne wspomaganie kierownicy Dualdrive z trybem Sport Boost,205/40 R17,brak danych,brak danych,brak danych,brak danych,tarczowe wentylowane,tarczowe,305 mm,240 mm,brak danych,brak danych,28 mm,11 mm,kolumny McPhersona,belka skrętna,brak danych,manualna,6,na przednią oś,brak danych,brak danych,230 km/h,5.9 s,brak danych,brak danych,6.5 l/100km,5.4 l/100km,8.5 l/100km,35 l,538 km,648 km,412 km,155 g/km,Euro 6,997 kg,brak danych,brak danych,brak danych,brak danych,brak danych,brak danych,brak danych,brak danych,""
Abarth 500 I Hatchback Seria 4 1.4 T-Jet 145KM 107kW 2016-2023,abarth,500,https://www.autocentrum.pl/dane-techniczne/abarth/500/i/hatchback-seria-4/silnik-benzynowy-1.4-t-jet-145km-2016-2023/,2,4,9.3 m,4.7 m,3660 mm,1627 mm,1485 mm,2300 mm,1415 mm,1408 mm,brak danych,brak danych,130 mm,brak danych,1883 mm,brak danych,brak danych,brak danych,brak danych,brak danych,brak danych,brak danych,brak danych,brak danych,brak danych,brak danych,brak danych,brak danych,brak danych,brak danych,brak danych,brak danych,brak danych,brak danych,brak danych,brak danych,brak danych,brak danych,brak danych,brak danych,brak danych,brak danych,brak danych,brak danych,brak danych,brak danych,brak danych,185 l,625 l,brak danych,brak danych,brak danych,brak danych,brak danych,brak danych,brak danych,brak danych,brak danych,brak danych,brak danych,brak danych,brak danych,brak danych,brak danych,brak danych,od 2016 do 2023 roku,1368 cm³,benzynowy,145 KM (107 kW) przy 5500 obr/min,180 Nm przy 3000 obr/min,turbosprężarkowe,OHC z popychaczami hydraulicznymi (pasek zębaty),4,rzędowy,16,9.8 : 1,72.2 × 84 mm,statyczny ze sterowaniem elektronicznym cyfrowym zintegrowany z wtryskiem,brak danych,"z przodu, poprzecznie","fazowany, sekwencyjny wtrysk, wielopunktowy MPI z turbosprężarką o stałej geometrii łopatek i chłodnicą powietrza doładowującego",brak danych,zębatkowy z elektrycznym wspomaganiem kierownicy Dualdrive,195/45 R16,brak danych,brak danych,brak danych,brak danych,tarczowe wentylowane,tarczowe,284 mm,240 mm,brak danych,brak danych,brak danych,brak danych,"niezależne typu McPherson, z wahaczem poprzecznym mocowanym do belki","półniezależne, belka skrętna z drążkiem stabilizatora",brak danych,manualna,5,na przednią oś,brak danych,brak danych,210 km/h,7.8 s,brak danych,brak danych,brak danych,brak danych,brak danych,35 l,583 km,714 km,443 km,162 g/km,Euro 6d,1120 kg,brak danych,brak danych,brak danych,brak danych,brak danych,brak danych,brak danych,brak danych,""
Abarth 500 I Hatchback Seria 4 1.4 T-Jet 160KM 118kW 2016-2019,abarth,500,https://www.autocentrum.pl/dane-techniczne/abarth/500/i/hatchback-seria-4/silnik-benzynowy-1.4-t-jet-160km-2016-2019/,2,4,9.3 m,4.7 m,3660 mm,1627 mm,1485 mm,2300 mm,1415 mm,1408 mm,brak danych,brak danych,130 mm,brak danych,1883 mm,brak danych,brak danych,brak danych,brak danych,brak danych,brak danych,brak danych,brak danych,brak danych,brak danych,brak danych,brak danych,brak danych,brak danych,brak danych,brak danych,brak danych,brak danych,brak danych,brak danych,brak danych,brak danych,brak danych,brak danych,brak danych,brak danych,brak danych,brak danych,brak danych,brak danych,brak danych,brak danych,185 l,625 l,brak danych,brak danych,brak danych,brak danych,brak danych,brak danych,brak danych,brak danych,brak danych,brak danych,brak danych,brak danych,brak danych,brak danych,brak danych,brak danych,od 2016 do 2019 roku,1368 cm³,benzynowy,160 KM (118 kW) przy 5750 obr/min,230 Nm przy 3000 obr/min,turbosprężarkowe,DOHC,4,rzędowy,16,9.0 : 1,72 × 84 mm,elektroniczny,bezpośredni,brak danych,brak danych,brak danych,przekładnia zębatkowa ze wspomaganiem elektrycznym,205/40 R17,brak danych,brak danych,brak danych,brak danych,tarczowe wentylowane,tarczowe wentylowane,brak danych,brak danych,brak danych,brak danych,brak danych,brak danych,"niezależne typu McPherson, sprężyny śrubowe",belka skrętna,gazowe,manualna,5,na przednią oś,brak danych,brak danych,211 km/h,7.4 s,brak danych,brak danych,5.8 l/100km,4.7 l/100km,7.6 l/100km,35 l,603 km,745 km,461 km,134 g/km,Euro 6,1110 kg,brak danych,800 kg,brak danych,brak danych,brak danych,brak danych,brak danych,brak danych,""
Abarth 500 I Hatchback Seria 4 1.4 T-Jet 165KM 121kW 2016-2023,abarth,500,https://www.autocentrum.pl/dane-techniczne/abarth/500/i/hatchback-seria-4/silnik-benzynowy-1.4-t-jet-165km-2016-2023/,2,4,9.3 m,4.7 m,3660 mm,1627 mm,1485 mm,2300 mm,1415 mm,1408 mm,brak danych,brak danych,130 mm,brak danych,1883 mm,brak danych,brak danych,brak danych,brak danych,brak danych,brak danych,brak danych,brak danych,brak danych,brak danych,brak danych,brak danych,brak danych,brak danych,brak danych,brak danych,brak danych,brak danych,brak danych,brak danych,brak danych,brak danych,brak danych,brak danych,brak danych,brak danych,brak danych,brak danych,brak danych,brak danych,brak danych,brak danych,185 l,625 l,brak danych,brak danych,brak danych,brak danych,brak danych,brak danych,brak danych,brak danych,brak danych,brak danych,brak danych,brak danych,brak danych,brak danych,brak danych,brak danych,od 2016 do 2023 roku,1368 cm³,benzynowy,165 KM (121 kW) przy 5500 obr/min,201 Nm przy 2250 obr/min,turbosprężarkowe,OHC z popychaczami hydraulicznymi (pasek zębaty),4,rzędowy,16,9.0 : 1,72.2 × 84 mm,statyczny ze sterowaniem elektronicznym cyfrowym zintegrowany z wtryskiem,brak danych,"z przodu, poprzecznie","fazowany, sekwencyjny wtrysk, wielopunktowy MPI z turbosprężarką o stałej geometrii łopatek i chłodnicą powietrza doładowującego",brak danych,zębatkowy z elektrycznym wspomaganiem kierownicy Dualdrive,205/40 R17,brak danych,brak danych,brak danych,brak danych,tarczowe wentylowane,tarczowe,284 mm,240 mm,brak danych,brak danych,brak danych,brak danych,"niezależne typu McPherson, z wahaczem poprzecznym mocowanym do belki","półniezależne, belka skrętna z drążkiem stabilizatora",brak danych,manualna,5,na przednią oś,brak danych,brak danych,218 km/h,7.3 s,brak danych,brak danych,brak danych,brak danych,brak danych,35 l,"","","",165 g/km,Euro 6d,1140 kg,brak danych,brak danych,brak danych,brak danych,brak danych,brak danych,brak danych,brak danych,""
Abarth 500 I Hatchback Seria 4 1.4 T-Jet 180KM 132kW 2016-2023,abarth,500,https://www.autocentrum.pl/dane-techniczne/abarth/500/i/hatchback-seria-4/silnik-benzynowy-1.4-t-jet-180km-2016-2023/,2,4,9.3 m,4.7 m,3660 mm,1627 mm,1485 mm,2300 mm,1415 mm,1408 mm,brak danych,brak danych,130 mm,brak danych,1883 mm,brak danych,brak danych,brak danych,brak danych,brak danych,brak danych,brak danych,brak danych,brak danych,brak danych,brak danych,brak danych,brak danych,brak danych,brak danych,brak danych,brak danych,brak danych,brak danych,brak danych,brak danych,brak danych,brak danych,brak danych,brak danych,brak danych,brak danych,brak danych,brak danych,brak danych,brak danych,brak danych,185 l,625 l,brak danych,brak danych,brak danych,brak danych,brak danych,brak danych,brak danych,brak danych,brak danych,brak danych,brak danych,brak danych,brak danych,brak danych,brak danych,brak danych,od 2016 do 2023 roku,1368 cm³,benzynowy,180 KM (132 kW) przy 5500 obr/min,250 Nm przy 3000 obr/min,turbosprężarkowe,OHC z popychaczami hydraulicznymi (pasek zębaty),4,rzędowy,16,9.0 : 1,72.2 × 84 mm,statyczny ze sterowaniem elektronicznym cyfrowym zintegrowany z wtryskiem,brak danych,"z przodu, poprzecznie","fazowany, sekwencyjny wtrysk, wielopunktowy MPI z turbosprężarką o stałej geometrii łopatek i chłodnicą powietrza doładowującego",brak danych,zębatkowy z elektrycznym wspomaganiem kierownicy Dualdrive,205/40 R17,brak danych,brak danych,brak danych,brak danych,tarczowe wentylowane,tarczowe,305 mm,240 mm,brak danych,brak danych,brak danych,brak danych,"niezależne typu McPherson, z wahaczem poprzecznym mocowanym do belki","półniezależne, belka skrętna z drążkiem stabilizatora",brak danych,automatyczna,5,na przednią oś,MTA,hydrokinetyczne,225 km/h,6.9 s,brak danych,brak danych,6.7 l/100km,5.8 l/100km,8.2 l/100km,35 l,522 km,603 km,427 km,153 g/km,Euro 6d,1045 kg,1435 kg,brak danych,brak danych,brak danych,brak danych,brak danych,dostępny,312B4000,5
Abarth 500 I Hatchback 1.4 T-JET 16v 135KM 99kW 2008-2012,abarth,500,https://www.autocentrum.pl/dane-techniczne/abarth/500/i/hatchback/silnik-benzynowy-1.4-t-jet-16v-135km-2008-2012/,2,"",10.6 m,brak danych,3657 mm,1627 mm,1485 mm,2300 mm,1409 mm,1402 mm,776 mm,581 mm,brak danych,brak danych,1893 mm,brak danych,brak danych,brak danych,brak danych,brak danych,brak danych,brak danych,brak danych,brak danych,brak danych,brak danych,brak danych,brak danych,brak danych,brak danych,brak danych,brak danych,brak danych,brak danych,brak danych,brak danych,brak danych,brak danych,brak danych,brak danych,brak danych,brak danych,brak danych,brak danych,brak danych,brak danych,brak danych,185 l,625 l,brak danych,brak danych,brak danych,brak danych,brak danych,brak danych,brak danych,brak danych,brak danych,brak danych,brak danych,brak danych,brak danych,brak danych,brak danych,brak danych,od 2008 do 2012 roku,1368 cm³,benzynowy,135 KM (99 kW) przy 5500 obr/min,206 Nm przy 3000 obr/min,brak danych,DOHC (z popychaczami hydraulicznymi),4,rzędowy,16,10.0 : 1,72.2 × 84 mm,statyczny ze sterowaniem elektronicznym cyfrowym zintegrowany z wtryskiem,"wielopunktowy (MPI), sterowanie sekwencyjne",brak danych,"fazowany, sekwencyjny wtrysk, wielopunktowy MPI z turbosprężarką o stałej geometrii łopatek i chłodnicą powietrza doładowującego",brak danych,zębatkowy z elektrycznym wspomaganiem kierownicy Dualdrive,195/45 R16,205/40 R17,16X6.5J,7 J X 17,brak danych,tarczowe wentylowane,tarczowe wentylowane,284 mm,240 mm,brak danych,brak danych,brak danych,brak danych,"niezależne typu McPherson, z wahaczem poprzecznym mocowanym do belki","półniezależne, belka skrętna z drążkiem stabilizatora",brak danych,manualna,5,na przednią oś,brak danych,brak danych,205 km/h,7.9 s,brak danych,brak danych,6.5 l/100km,5.4 l/100km,8.5 l/100km,35 l,538 km,648 km,412 km,155 g/km,Euro 5,1100 kg,brak danych,brak danych,800 kg,brak danych,50 Ah,brak danych,brak danych,brak danych,""
Abarth 500 II Cabrio Elektryczny 42kWh 155KM 114kW od 2023,abarth,500,https://www.autocentrum.pl/dane-techniczne/abarth/500/ii/cabrio/silnik-elektryczny-elektryczny-42kwh-155km-od-2023/,3,4,9.7 m,4.8 m,3673 mm,1900 mm,1518 mm,2322 mm,brak danych,brak danych,brak danych,brak danych,112 mm,brak danych,brak danych,brak danych,brak danych,brak danych,brak danych,brak danych,brak danych,brak danych,brak danych,brak danych,brak danych,brak danych,brak danych,brak danych,brak danych,brak danych,brak danych,brak danych,brak danych,brak danych,brak danych,brak danych,brak danych,brak danych,brak danych,brak danych,brak danych,brak danych,brak danych,brak danych,brak danych,brak danych,brak danych,225 l,brak danych,brak danych,brak danych,brak danych,brak danych,brak danych,brak danych,brak danych,brak danych,brak danych,brak danych,brak danych,brak danych,brak danych,brak danych,brak danych,brak danych,od 2023 roku,"",elektryczny,155 KM (114 kW),235 Nm,"","","","","","","","","",brak danych,"",brak danych,przekładnia zębatkowa ze wspomaganiem elektrycznym,brak danych,brak danych,brak danych,brak danych,brak danych,tarczowe wentylowane,tarczowe,281 mm,278 mm,brak danych,brak danych,brak danych,brak danych,"niezależne typu McPherson, sprężyny śrubowe",belka skrętna,gazowe,bezstopniowa,1,na przednią oś,brak danych,hydrokinetyczne,155 km/h,9.0 s,brak danych,brak danych,"","","","","","","","","",1387 kg,brak danych,brak danych,brak danych,brak danych,"","","",brak danych,""
Abarth 500 II Hatchback Elektryczny 42kWh 155KM 114kW od 2023,abarth,500,https://www.autocentrum.pl/dane-techniczne/abarth/500/ii/hatchback/silnik-elektryczny-elektryczny-42kwh-155km-od-2023/,3,4,9.7 m,4.8 m,3673 mm,1900 mm,1518 mm,2322 mm,brak danych,brak danych,brak danych,brak danych,112 mm,brak danych,brak danych,brak danych,brak danych,brak danych,brak danych,brak danych,brak danych,brak danych,brak danych,brak danych,brak danych,brak danych,brak danych,brak danych,brak danych,brak danych,brak danych,brak danych,brak danych,brak danych,brak danych,brak danych,brak danych,brak danych,brak danych,brak danych,brak danych,brak danych,brak danych,brak danych,brak danych,brak danych,brak danych,225 l,brak danych,brak danych,brak danych,brak danych,brak danych,brak danych,brak danych,brak danych,brak danych,brak danych,brak danych,brak danych,brak danych,brak danych,brak danych,brak danych,brak danych,od 2023 roku,"",elektryczny,155 KM (114 kW),235 Nm,"","","","","","","","","",brak danych,"",brak danych,przekładnia zębatkowa ze wspomaganiem elektrycznym,brak danych,brak danych,brak danych,brak danych,brak danych,tarczowe wentylowane,tarczowe,281 mm,278 mm,brak danych,brak danych,brak danych,brak danych,"niezależne typu McPherson, sprężyny śrubowe",belka skrętna,gazowe,bezstopniowa,1,na przednią oś,brak danych,hydrokinetyczne,155 km/h,9.0 s,brak danych,brak danych,"","","","","","","","","",1387 kg,brak danych,brak danych,brak danych,brak danych,"","","",brak danych,""
Abarth Grande Punto 1.4 T-JET 16v 155KM 114kW 2007-2010,abarth,grande punto,https://www.autocentrum.pl/dane-techniczne/abarth/grande-punto/silnik-benzynowy-1.4-t-jet-16v-155km-2007-2010/,3,4,9.3 m,"",4064 mm,1726 mm,1470 mm,2510 mm,1483 mm,1471 mm,891 mm,663 mm,135 mm,"","","","","","","","","","","","","","","","","","","","","","","","","","","","","","","","","","",275 l,"","","","","","","","","","","","","","","","","",od 2007 do 2010 roku,1368 cm³,benzynowy,155 KM (114 kW) przy 5750 obr/min,230 Nm przy 3000 obr/min,"",DOHC (z popychaczami hydraulicznymi),4,rzędowy,"",10.0 : 1,72.2 X 84.,statyczny ze sterowaniem elektronicznym cyfrowym zintegrowany z wtryskiem,"wielopunktowy (MPI), sterowanie sekwencyjne","z przodu, poprzecznie","fazowany, sekwencyjny wtrysk, wielopunktowy MPI z turbosprężarką o stałej geometrii łopatek i chłodnicą powietrza doładowującego","",elektryczne wspomaganie kierownicy Dualdrive z trybem Sport Boost,215/45 R17,205/45 R17,7 J X 17,"",4x100,tarczowe wentylowane,"",305 mm,264 mm,"","","","","niezależne zawieszenie typu McPherson, hydrauliczne amortyzatory teleskopowe, drążek stabilizatora z przegubami kulowymi",półniezależne na belce skrętnej z drążkiem skrętnym,"",manualna,6,na przednią oś,"","",208 km/h,8.2 s,"","",6.9 l/100km,5.3 l/100km,9.6 l/100km,45 l,652 km,849 km,469 km,162 g/km,Euro 4,1260 kg,"","",500 kg,"",50 Ah,"","","",""
Abarth Punto Evo 1.4 MultiAir 165KM 121kW 2010-2012,abarth,punto evo,https://www.autocentrum.pl/dane-techniczne/abarth/punto-evo/silnik-benzynowy-1.4-multiair-165km-2010-2012/,3,"","","",4065 mm,1726 mm,1490 mm,2510 mm,1482 mm,1470 mm,891 mm,663 mm,"","","","","","","","","","","","","","","","","","","","","","","","","","","","","","","","","","","","","","","","","","","","","","","","","","","","","",od 2010 do 2012 roku,1368 cm³,benzynowy,165 KM (121 kW) przy 5500 obr/min,250 Nm przy 2500 obr/min,turbosprężarkowe,DOHC,4,rzędowy,16,"","","","","","","",elektryczne wspomaganie kierownicy Dualdrive z trybem Sport Boost,215/45 R17,"",7 x 17,"","",tarczowe wentylowane,tarczowe,305 mm,264 mm,"","",28 mm,11 mm,typu McPherson,belka skrętna,"",manualna,6,na przednią oś,"","",213 km/h,7.9 s,"","",6.1 l/100km,5.0 l/100km,8.0 l/100km,"","","","",142 g/km,Euro 5,"","","","","","","",Start&Stop,"",""
Abarth Punto 1.4 MultiAir 16V 165KM 121kW 2012-2013,abarth,punto,https://www.autocentrum.pl/dane-techniczne/abarth/punto/silnik-benzynowy-1.4-multiair-16v-165km-2012-2013/,3,5,10.0 m,5.0 m,4065 mm,1726 mm,1470 mm,2510 mm,1483 mm,1471 mm,891 mm,663 mm,144 mm,"","","","","","","","","","","","","","","","","","","","","","","","","","","","","","","","","","",275 l,"","","","","","","","","","","","","","","","","",od 2012 do 2013 roku,1368 cm³,benzynowy,165 KM (121 kW) przy 5500 obr/min,250 Nm przy 2250 obr/min,turbosprężarkowe,DOHC,4,rzędowy,16,"","","","","","","",elektryczne wspomaganie kierownicy Dualdrive z trybem Sport Boost,215/45 R17,"",7 x 17,"","",tarczowe wentylowane,tarczowe,305 mm,264 mm,"","",28 mm,11 mm,typu McPherson,belka skrętna,"",manualna,6,na przednią oś,"","",213 km/h,7.9 s,"","",6.1 l/100km,5.0 l/100km,8.0 l/100km,45 l,738 km,900 km,562 km,142 g/km,Euro 5,"","","","","","","",Start&Stop,"",""
Abarth Punto 1.4 MultiAir 16V 180KM 132kW 2012-2013,abarth,punto,https://www.autocentrum.pl/dane-techniczne/abarth/punto/silnik-benzynowy-1.4-multiair-16v-180km-2012-2013/,3,5,10.0 m,5.0 m,4065 mm,1726 mm,1470 mm,2510 mm,1483 mm,1471 mm,891 mm,663 mm,144 mm,"","","","","","","","","","","","","","","","","","","","","","","","","","","","","","","","","","",275 l,"","","","","","","","","","","","","","","","","",od 2012 do 2013 roku,1368 cm³,benzynowy,180 KM (132 kW) przy 5750 obr/min,270 Nm przy 2500 obr/min,turbosprężarkowe,DOHC,4,rzędowy,16,"","","","","","","",elektryczne wspomaganie kierownicy Dualdrive z trybem Sport Boost,215/45 R17,"",7 J X 17,"","",tarczowe wentylowane,tarczowe,305 mm,264 mm,"","",28 mm,11 mm,typu McPherson,belka skrętna,"",manualna,6,na przednią oś,"","",216 km/h,7.5 s,"","",6.1 l/100km,5.0 l/100km,8.0 l/100km,45 l,738 km,900 km,562 km,142 g/km,Euro 5,"","","","","","","",Start&Stop,"",""
Alfa Romeo 1300-Junior 1.1 40KM 29kW 1966-1976,alfa romeo,1300 junior,https://www.autocentrum.pl/dane-techniczne/alfa-romeo/1300-junior/silnik-benzynowy-1.1-40km-1966-1976/,3,"","","",4000 mm,1550 mm,1280 mm,2250 mm,"","","","","","","","","","","","","","","","","","","","","","","","","","","","","","","","","","","","","","","","","","","","","","","","","","","","","","","","","",od 1966 do 1976 roku,1100 cm³,benzynowy,40 KM (29 kW),"","","",4,rzędowy,8,"","","","","","","","","","","","","","","","","","","","","","","","","","","","","","","","","","","","","","","","","","","","","","","","","","","",""
Alfa Romeo 1300-Junior 1.3 97KM 71kW 1968-1973,alfa romeo,1300 junior,https://www.autocentrum.pl/dane-techniczne/alfa-romeo/1300-junior/silnik-benzynowy-1.3-97km-1968-1973/,3,"","","",4000 mm,1550 mm,1280 mm,2250 mm,"","","","","","","","","","","","","","","","","","","","","","","","","","","","","","","","","","","","","","","","","","","","","","","","","","","","","","","","","",od 1968 do 1973 roku,1290 cm³,benzynowy,97 KM (71 kW) przy 6000 obr/min,115 Nm przy 3200 obr/min,"",SOHC (OHC),4,rzędowy,8,9.0 : 1,74 × 75 mm,"",gaźnik,"z przodu, podłużnie","","","","","","","","","","","","","","","","","","","",manualna,5,na tylną oś,"","",175 km/h,12.2 s,"",34.6 s,7.2 l/100km,"","","","","","","","",970 kg,1200 kg,"","","","","","","",""
Alfa Romeo 1300-Junior 1.6 125KM 92kW 1969-1975,alfa romeo,1300 junior,https://www.autocentrum.pl/dane-techniczne/alfa-romeo/1300-junior/silnik-benzynowy-1.6-125km-1969-1975/,3,"","","",4000 mm,1550 mm,1280 mm,2250 mm,"","","","","","","","","","","","","","","","","","","","","","","","","","","","","","","","","","","","","","","","","","","","","","","","","","","","","","","","","",od 1969 do 1975 roku,1570 cm³,benzynowy,125 KM (92 kW) przy 6000 obr/min,156 Nm przy 2800 obr/min,"",SOHC (OHC),4,rzędowy,8,9.0 : 1,78 × 82 mm,"",gaźnik,"z przodu, podłużnie","","","","","","","","","","","","","","","","","","","",manualna,5,na tylną oś,"","",190 km/h,9.3 s,"","",8.1 l/100km,"","","","","","","","",950 kg,1150 kg,"","","","","","","",""
Alfa Romeo 145 1.4 i.e. 16V T.S. 103KM 76kW 1996-2000,alfa romeo,145,https://www.autocentrum.pl/dane-techniczne/alfa-romeo/145/silnik-benzynowy-1.4-i.e.-16v-t.s.-103km-1996-2000/,3,5,"","",4061 mm,1712 mm,1431 mm,2540 mm,1472 mm,1441 mm,871 mm,650 mm,"","","","","","","","","","","","","","","","","","","","","","","","","","","","","","","","","","","",320 l,1130 l,"","","","","","","","","","","","","","","","",od 1996 do 2000 roku,1370 cm³,benzynowy,103 KM (76 kW) przy 6300 obr/min,125 Nm przy 4600 obr/min,"",DOHC,4,rzędowy,16,11.0 : 1,82 × 64.9 mm,"",wielopunktowy (MPI),"z przodu, poprzecznie","","","",185/60 R14,"","","","",tarczowe wentylowane,tarczowe,"","","","","","",kolumny McPhersona,"niezależne wahaczowe ze sprężyną spiralną, stabilizator","",manualna,5,na przednią oś,"","",185 km/h,11.2 s,"",32.8 s,7.9 l/100km,6.3 l/100km,10.7 l/100km,51 l,646 km,810 km,477 km,"","",1135 kg,1655 kg,"","","","","","","",""
Alfa Romeo 145 1.4 i.e. 90KM 66kW 1994-1997,alfa romeo,145,https://www.autocentrum.pl/dane-techniczne/alfa-romeo/145/silnik-benzynowy-1.4-i.e.-90km-1994-1997/,3,5,"","",4061 mm,1712 mm,1431 mm,2540 mm,1472 mm,1441 mm,871 mm,650 mm,"","","","","","","","","","","","","","","","","","","","","","","","","","","","","","","","","","","",320 l,1130 l,"","","","","","","","","","","","","","","","",od 1994 do 1997 roku,1351 cm³,benzynowy,90 KM (66 kW) przy 6000 obr/min,115 Nm przy 4400 obr/min,"",SOHC (OHC),4,bokser,8,9.0 : 1,80 × 67.2 mm,"",wielopunktowy (MPI),"z przodu, podłużnie","","","",175/65 R14,185/60 R14; 195/50 R15; 205/50 R15; 215/35 R17; 215/40 R16,"","",4x98,tarczowe,tarczowe,257 mm,228 mm,"","","","",kolumny McPhersona,"niezależne wahaczowe ze sprężyną spiralną, stabilizator","",manualna,5,na przednią oś,"","",178 km/h,12.5 s,"","",8.2 l/100km,6.3 l/100km,10.1 l/100km,51 l,622 km,810 km,505 km,"","",1140 kg,1670 kg,"","","","","","","",""
Alfa Romeo 145 1.6 i.e. 103KM 76kW 1994-1997,alfa romeo,145,https://www.autocentrum.pl/dane-techniczne/alfa-romeo/145/silnik-benzynowy-1.6-i.e.-103km-1994-1997/,3,5,"","",4061 mm,1712 mm,1431 mm,2540 mm,1472 mm,1441 mm,871 mm,650 mm,"","","","","","","","","","","","","","","","","","","","","","","","","","","","","","","","","","","",320 l,1130 l,"","","","","","","","","","","","","","","","",od 1994 do 1997 roku,1596 cm³,benzynowy,103 KM (76 kW) przy 6000 obr/min,134 Nm przy 4500 obr/min,"",SOHC (OHC),4,bokser,8,10.0 : 1,84 × 72 mm,"",wielopunktowy (MPI),"z przodu, podłużnie","","","",175/65 R14,185/60 R14; 195/50 R15; 205/50 R15; 215/35 R17; 215/40 R16,"","",4x98,tarczowe,bębnowe,257 mm,"","","","","",kolumny McPhersona,"niezależne wahaczowe ze sprężyną spiralną, stabilizator","",manualna,5,na przednią oś,"","",185 km/h,11.0 s,"","",8.2 l/100km,6.1 l/100km,10.0 l/100km,51 l,622 km,836 km,510 km,"","",1147 kg,1670 kg,"","","","","","","",""
Alfa Romeo 145 1.6 i.e. 16V T.S. 120KM 88kW 1996-2000,alfa romeo,145,https://www.autocentrum.pl/dane-techniczne/alfa-romeo/145/silnik-benzynowy-1.6-i.e.-16v-t.s.-120km-1996-2000/,3,5,"","",4061 mm,1712 mm,1431 mm,2540 mm,1472 mm,1441 mm,871 mm,650 mm,"","","","","","","","","","","","","","","","","","","","","","","","","","","","","","","","","","","",320 l,1130 l,"","","","","","","","","","","","","","","","",od 1996 do 2000 roku,1598 cm³,benzynowy,120 KM (88 kW) przy 6300 obr/min,144 Nm przy 4500 obr/min,"",DOHC,4,rzędowy,16,10.0 : 1,82 × 75.7 mm,"",wielopunktowy (MPI),"z przodu, poprzecznie","","","",185/65 R15,"","","","",tarczowe wentylowane,tarczowe,"","","","","","",kolumny McPhersona,"niezależne wahaczowe ze sprężyną spiralną, stabilizator","",manualna,5,na przednią oś,"","",195 km/h,10.2 s,"",31.3 s,8.2 l/100km,6.5 l/100km,11.1 l/100km,51 l,622 km,785 km,459 km,195 g/km,"",1165 kg,1685 kg,"","","","","","","",""
Alfa Romeo 145 1.7 i.e. 16V 129KM 95kW 1994-1996,alfa romeo,145,https://www.autocentrum.pl/dane-techniczne/alfa-romeo/145/silnik-benzynowy-1.7-i.e.-16v-129km-1994-1996/,3,5,"","",4061 mm,1712 mm,1431 mm,2540 mm,1472 mm,1441 mm,871 mm,650 mm,"","","","","","","","","","","","","","","","","","","","","","","","","","","","","","","","","","","",320 l,1130 l,"","","","","","","","","","","","","","","","",od 1994 do 1996 roku,1712 cm³,benzynowy,129 KM (95 kW) przy 6500 obr/min,148 Nm przy 4300 obr/min,"",DOHC,4,bokser,16,10.0 : 1,87 × 72 mm,"",wielopunktowy (MPI),"z przodu, podłużnie","","","",175/65 R14,185/60 R14; 195/50 R15; 205/50 R15; 215/35 R17; 215/40 R16,"","",4x98,tarczowe wentylowane,tarczowe,257 mm,"","","","","",kolumny McPhersona,"niezależne wahaczowe ze sprężyną spiralną, stabilizator","",manualna,5,na przednią oś,"","",200 km/h,9.8 s,"","",8.4 l/100km,6.3 l/100km,10.8 l/100km,51 l,607 km,810 km,472 km,"","",1265 kg,1715 kg,"","","","","","","",""
Alfa Romeo 145 1.7 i.e. 16V 144KM 106kW 1998-2000,alfa romeo,145,https://www.autocentrum.pl/dane-techniczne/alfa-romeo/145/silnik-benzynowy-1.7-i.e.-16v-144km-1998-2000/,3,5,"","",4061 mm,1712 mm,1431 mm,2540 mm,1472 mm,1441 mm,871 mm,650 mm,"","","","","","","","","","","","","","","","","","","","","","","","","","","","","","","","","","","",320 l,1130 l,"","","","","","","","","","","","","","","","",od 1998 do 2000 roku,1747 cm³,benzynowy,144 KM (106 kW) przy 6500 obr/min,169 Nm przy 3500 obr/min,"",DOHC,4,rzędowy,16,10.0 : 1,82 × 82.7 mm,"",wielopunktowy (MPI),"z przodu, poprzecznie","","","",195/55 R15,"","","","",tarczowe wentylowane,tarczowe,284 mm,240 mm,"","","","",kolumny McPhersona,"niezależne wahaczowe ze sprężyną spiralną, stabilizator","",manualna,5,na przednią oś,"","",207 km/h,9.1 s,"","",8.4 l/100km,6.6 l/100km,11.5 l/100km,51 l,607 km,773 km,443 km,195 g/km,"",1195 kg,1715 kg,"","","","","","","",""
Alfa Romeo 145 1.7 i.e. 16V T.S. 140KM 103kW 1996-1998,alfa romeo,145,https://www.autocentrum.pl/dane-techniczne/alfa-romeo/145/silnik-benzynowy-1.7-i.e.-16v-t.s.-140km-1996-1998/,3,5,"","",4061 mm,1712 mm,1431 mm,2540 mm,1472 mm,1441 mm,871 mm,650 mm,"","","","","","","","","","","","","","","","","","","","","","","","","","","","","","","","","","","",320 l,1130 l,"","","","","","","","","","","","","","","","",od 1996 do 1998 roku,1747 cm³,benzynowy,140 KM (103 kW) przy 6500 obr/min,160 Nm przy 3500 obr/min,"",DOHC,4,rzędowy,16,10.0 : 1,82 × 82.7 mm,"",wielopunktowy (MPI),"z przodu, poprzecznie","","","",195/55 R15,205/50 R15; 215/35 R17; 215/40 R16,"","",4x98,tarczowe wentylowane,tarczowe,"","","","","","",kolumny McPhersona,"niezależne wahaczowe ze sprężyną spiralną, stabilizator","",manualna,5,na przednią oś,"","",205 km/h,9.1 s,"","",8.4 l/100km,"","",51 l,607 km,"","","","",1195 kg,"","","","","","","","",""
Alfa Romeo 145 2.0 16V Quadrifoglio 155KM 114kW 1998-2000,alfa romeo,145,https://www.autocentrum.pl/dane-techniczne/alfa-romeo/145/silnik-benzynowy-2.0-16v-quadrifoglio-155km-1998-2000/,3,5,"","",4061 mm,1712 mm,1431 mm,2540 mm,1472 mm,1441 mm,871 mm,650 mm,"","","","","","","","","","","","","","","","","","","","","","","","","","","","","","","","","","","",320 l,1130 l,"","","","","","","","","","","","","","","","",od 1998 do 2000 roku,1970 cm³,benzynowy,155 KM (114 kW) przy 6400 obr/min,187 Nm przy 3500 obr/min,"",DOHC,4,rzędowy,16,10.0 : 1,83 × 91 mm,"",wielopunktowy (MPI),"z przodu, poprzecznie","","","",195/55 R15,205/50 R15; 215/35 R17; 215/40 R16,"","",4x98,tarczowe wentylowane,tarczowe,284 mm,240 mm,"","","","",kolumny McPhersona,"niezależne wahaczowe ze sprężyną spiralną, stabilizator","",manualna,5,na przednią oś,"","",211 km/h,8.3 s,"",29.3 s,8.7 l/100km,6.6 l/100km,12.4 l/100km,51 l,586 km,773 km,411 km,210 g/km,"",1240 kg,1760 kg,"","","","","","","",""
Alfa Romeo 145 2.0 16V T.S. 150KM 110kW 1995-1998,alfa romeo,145,https://www.autocentrum.pl/dane-techniczne/alfa-romeo/145/silnik-benzynowy-2.0-16v-t.s.-150km-1995-1998/,3,5,"","",4061 mm,1712 mm,1431 mm,2540 mm,1472 mm,1441 mm,871 mm,650 mm,"","","","","","","","","","","","","","","","","","","","","","","","","","","","","","","","","","","",320 l,1130 l,"","","","","","","","","","","","","","","","",od 1995 do 1998 roku,1970 cm³,benzynowy,150 KM (110 kW) przy 6200 obr/min,187 Nm przy 4000 obr/min,"",DOHC,4,rzędowy,16,10.0 : 1,83 × 91 mm,"",wielopunktowy (MPI),"z przodu, podłużnie","","","",195/55 R15,205/50 R15; 215/35 R17; 215/40 R16,"","",4x98,tarczowe wentylowane,tarczowe,257 mm,"","","","","",kolumny McPhersona,"niezależne wahaczowe ze sprężyną spiralną, stabilizator","",manualna,5,na przednią oś,"","",210 km/h,8.4 s,"","",8.0 l/100km,6.2 l/100km,10.1 l/100km,51 l,638 km,823 km,505 km,"","",1240 kg,1765 kg,"","","","","","","",""
Alfa Romeo 145 1.9 JTD 105KM 77kW 1999-2000,alfa romeo,145,https://www.autocentrum.pl/dane-techniczne/alfa-romeo/145/silnik-diesla-1.9-jtd-105km-1999-2000/,3,5,"","",4061 mm,1712 mm,1431 mm,2540 mm,1472 mm,1441 mm,871 mm,650 mm,"","","","","","","","","","","","","","","","","","","","","","","","","","","","","","","","","","","",320 l,1130 l,"","","","","","","","","","","","","","","","",od 1999 do 2000 roku,1910 cm³,diesel,105 KM (77 kW) przy 4000 obr/min,255 Nm przy 2000 obr/min,turbosprężarkowe,SOHC (OHC),4,"",8,19.0 : 1,82 × 90.4 mm,"",bezpośredni Common Rail,"z przodu, poprzecznie","","","",175/65 R14,185/60 R14; 195/50 R15; 205/50 R15; 215/35 R17; 215/40 R16,"","",4x98,tarczowe,bębnowe,"","","","","","",kolumny McPhersona,"niezależne wahaczowe ze sprężyną spiralną, stabilizator","",manualna,5,na przednią oś,"","",185 km/h,10.4 s,"",32.7 s,5.8 l/100km,4.7 l/100km,7.6 l/100km,51 l,879 km,1085 km,671 km,"","",1220 kg,1730 kg,"","","","","","","",""
Alfa Romeo 145 1.9 TD 90KM 66kW 1994-1999,alfa romeo,145,https://www.autocentrum.pl/dane-techniczne/alfa-romeo/145/silnik-diesla-1.9-td-90km-1994-1999/,3,5,"","",4061 mm,1712 mm,1431 mm,2540 mm,1472 mm,1441 mm,871 mm,650 mm,"","","","","","","","","","","","","","","","","","","","","","","","","","","","","","","","","","","",320 l,1130 l,"","","","","","","","","","","","","","","","",od 1994 do 1999 roku,1929 cm³,diesel,90 KM (66 kW) przy 4100 obr/min,190 Nm przy 2400 obr/min,turbosprężarkowe,SOHC (OHC),4,rzędowy,8,19.0 : 1,82.6 × 90 mm,"",pośredni,"z przodu, poprzecznie","","","",175/65 R14,185/60 R14; 195/50 R15; 205/50 R15; 215/35 R17; 215/40 R16,"","",4x98,tarczowe,bębnowe,"","","","","","",kolumny McPhersona,"niezależne wahaczowe ze sprężyną spiralną, stabilizator","",manualna,5,na przednią oś,"","",178 km/h,12.0 s,"",33.0 s,6.2 l/100km,5.0 l/100km,8.8 l/100km,51 l,823 km,1020 km,580 km,144 g/km,"",1210 kg,1730 kg,"","","","","","","",""
Alfa Romeo 146 1.3 90KM 66kW 1997-2000,alfa romeo,146,https://www.autocentrum.pl/dane-techniczne/alfa-romeo/146/silnik-benzynowy-1.3-90km-1997-2000/,5,5,10.5 m,5.2 m,4235 mm,1712 mm,1425 mm,2540 mm,1472 mm,1441 mm,871 mm,824 mm,100 mm,"","","","","","","","","","","","","","","","","","","","","","","","","","","","","","","","","","",380 l,1225 l,"","","","","","","","","","","","","","","","",od 1997 do 2000 roku,1300 cm³,benzynowy,90 KM (66 kW) przy 5600 obr/min,110 Nm przy 4000 obr/min,"",SOHC (OHC),4,rzędowy,8,"","","",wielopunktowy (MPI),"z przodu, poprzecznie","","","",175/65 R14,185/60 R14; 195/50 R15; 205/40 R17; 205/45 R16; 205/50 R15,"","",4x98,tarczowe,bębnowe,"","","","","","",kolumny McPhersona,"niezależne wahaczowe ze sprężyną spiralną, stabilizator","",manualna,"",na przednią oś,"","",175 km/h,13.0 s,"","",8.2 l/100km,"","",51 l,622 km,"","","","",1150 kg,"","","","","","","","",""
Alfa Romeo 146 1.4 i 16V T.Spark 103KM 76kW 1997-2001,alfa romeo,146,https://www.autocentrum.pl/dane-techniczne/alfa-romeo/146/silnik-benzynowy-1.4-i-16v-t.spark-103km-1997-2001/,5,5,10.5 m,5.2 m,4235 mm,1712 mm,1425 mm,2540 mm,1472 mm,1441 mm,871 mm,824 mm,100 mm,"","","","","","","","","","","","","","","","","","","","","","","","","","","","","","","","","","",380 l,1225 l,"","","","","","","","","","","","","","","","",od 1997 do 2001 roku,1370 cm³,benzynowy,103 KM (76 kW) przy 6300 obr/min,124 Nm przy 4600 obr/min,"",DOHC,4,rzędowy,16,11.0 : 1,82 × 64.9 mm,"",wielopunktowy (MPI),"z przodu, poprzecznie","","","",185/60 R14,"","","","",tarczowe,bębnowe,257 mm,"","","","","",kolumny McPhersona,"niezależne wahaczowe ze sprężyną spiralną, stabilizator","",manualna,5,na przednią oś,"","",187 km/h,11.5 s,"",33.0 s,7.9 l/100km,6.6 l/100km,10.7 l/100km,51 l,646 km,773 km,477 km,"","",1160 kg,1680 kg,"","","","","","","",""
Alfa Romeo 146 1.4 i.e. 90KM 66kW 1994-2001,alfa romeo,146,https://www.autocentrum.pl/dane-techniczne/alfa-romeo/146/silnik-benzynowy-1.4-i.e.-90km-1994-2001/,5,5,10.5 m,5.2 m,4235 mm,1712 mm,1425 mm,2540 mm,1472 mm,1441 mm,871 mm,824 mm,100 mm,"","","","","","","","","","","","","","","","","","","","","","","","","","","","","","","","","","",380 l,1225 l,"","","","","","","","","","","","","","","","",od 1994 do 2001 roku,1351 cm³,benzynowy,90 KM (66 kW) przy 6000 obr/min,115 Nm przy 4400 obr/min,"",SOHC (OHC),4,bokser,8,"","","",wielopunktowy (MPI),"z przodu, podłużnie","","","",175/65 R14,185/60 R14; 195/50 R15; 205/40 R17; 205/45 R16; 205/50 R15,"","",4x98,tarczowe,bębnowe,"","","","","","",kolumny McPhersona,"niezależne wahaczowe ze sprężyną spiralną, stabilizator","",manualna,5,na przednią oś,"","",179 km/h,12.8 s,"","",8.4 l/100km,6.4 l/100km,10.1 l/100km,51 l,607 km,797 km,505 km,"","",1175 kg,1705 kg,"","","","","","","",""
Alfa Romeo 146 1.6 i.e. 103KM 76kW 1994-1996,alfa romeo,146,https://www.autocentrum.pl/dane-techniczne/alfa-romeo/146/silnik-benzynowy-1.6-i.e.-103km-1994-1996/,5,5,10.5 m,5.2 m,4235 mm,1712 mm,1425 mm,2540 mm,1472 mm,1441 mm,871 mm,824 mm,100 mm,"","","","","","","","","","","","","","","","","","","","","","","","","","","","","","","","","","",380 l,1225 l,"","","","","","","","","","","","","","","","",od 1994 do 1996 roku,1596 cm³,benzynowy,103 KM (76 kW) przy 6000 obr/min,134 Nm przy 4500 obr/min,"",SOHC (OHC),4,bokser,8,10.0 : 1,84 × 72 mm,"",wielopunktowy (MPI),"z przodu, podłużnie","","","",185/60 R14,"","","","",tarczowe,bębnowe,257 mm,"","","","","",kolumny McPhersona,"niezależne wahaczowe ze sprężyną spiralną, stabilizator","",manualna,5,na przednią oś,"","",187 km/h,11.5 s,"","",8.2 l/100km,6.1 l/100km,10.4 l/100km,51 l,622 km,836 km,490 km,"","",1175 kg,1705 kg,"","","","","","","",""
Alfa Romeo 146 1.6 i.e. 16V T.S. 120KM 88kW 1996-2001,alfa romeo,146,https://www.autocentrum.pl/dane-techniczne/alfa-romeo/146/silnik-benzynowy-1.6-i.e.-16v-t.s.-120km-1996-2001/,5,5,10.5 m,5.2 m,4235 mm,1712 mm,1425 mm,2540 mm,1472 mm,1441 mm,871 mm,824 mm,100 mm,"","","","","","","","","","","","","","","","","","","","","","","","","","","","","","","","","","",380 l,1225 l,"","","","","","","","","","","","","","","","",od 1996 do 2001 roku,1598 cm³,benzynowy,120 KM (88 kW) przy 6300 obr/min,144 Nm przy 4500 obr/min,"",DOHC,4,rzędowy,16,10.0 : 1,82 × 75.7 mm,"",wielopunktowy (MPI),"z przodu, poprzecznie","","","",185/60 R14,"","","","",tarczowe,tarczowe,"","","","","","",kolumny McPhersona,"niezależne wahaczowe ze sprężyną spiralną, stabilizator","",manualna,5,na przednią oś,"","",197 km/h,10.5 s,"",31.5 s,8.3 l/100km,6.6 l/100km,11.3 l/100km,51 l,614 km,773 km,451 km,195 g/km,"",1190 kg,1710 kg,"","","","","","","",""
Alfa Romeo 146 1.7 i.e. 16V 129KM 95kW 1994-1996,alfa romeo,146,https://www.autocentrum.pl/dane-techniczne/alfa-romeo/146/silnik-benzynowy-1.7-i.e.-16v-129km-1994-1996/,5,5,10.5 m,5.2 m,4235 mm,1712 mm,1425 mm,2540 mm,1472 mm,1441 mm,871 mm,824 mm,100 mm,"","","","","","","","","","","","","","","","","","","","","","","","","","","","","","","","","","",380 l,1225 l,"","","","","","","","","","","","","","","","",od 1994 do 1996 roku,1712 cm³,benzynowy,129 KM (95 kW) przy 6500 obr/min,148 Nm przy 4300 obr/min,"",DOHC,4,bokser,16,10.0 : 1,87 × 72 mm,"",wielopunktowy (MPI),"z przodu, podłużnie","","","",175/65 R14,185/60 R14; 195/55 R15; 205/40 R17; 205/45 R16; 205/50 R15,"","",4x98,tarczowe wentylowane,tarczowe,257 mm,"","","","","",kolumny McPhersona,"niezależne wahaczowe ze sprężyną spiralną, stabilizator","",manualna,5,na przednią oś,"","",202 km/h,10.2 s,"","",8.4 l/100km,6.3 l/100km,10.8 l/100km,51 l,607 km,810 km,472 km,"","",1225 kg,1745 kg,"","","","","","","",""
Alfa Romeo 146 1.7 i.e. 16V T.S. 140KM 103kW 1996-2001,alfa romeo,146,https://www.autocentrum.pl/dane-techniczne/alfa-romeo/146/silnik-benzynowy-1.7-i.e.-16v-t.s.-140km-1996-2001/,5,5,10.5 m,5.2 m,4235 mm,1712 mm,1425 mm,2540 mm,1472 mm,1441 mm,871 mm,824 mm,100 mm,"","","","","","","","","","","","","","","","","","","","","","","","","","","","","","","","","","",380 l,1225 l,"","","","","","","","","","","","","","","","",od 1996 do 2001 roku,1747 cm³,benzynowy,140 KM (103 kW) przy 6500 obr/min,160 Nm przy 3500 obr/min,"",DOHC,4,rzędowy,16,10.0 : 1,82 × 82.7 mm,"",wielopunktowy (MPI),"z przodu, poprzecznie","","","",195/55 R15,"","","","",tarczowe,tarczowe,"","","","","","",kolumny McPhersona,"niezależne wahaczowe ze sprężyną spiralną, stabilizator","",manualna,5,na przednią oś,"","",205 km/h,9.2 s,"","",8.4 l/100km,"","",51 l,607 km,"","","","",1195 kg,"","","","","","","","",""
Alfa Romeo 146 1.8 i.e. 16V T.S. 144KM 106kW 1997-2001,alfa romeo,146,https://www.autocentrum.pl/dane-techniczne/alfa-romeo/146/silnik-benzynowy-1.8-i.e.-16v-t.s.-144km-1997-2001/,5,5,10.5 m,5.2 m,4235 mm,1712 mm,1425 mm,2540 mm,1472 mm,1441 mm,871 mm,824 mm,100 mm,"","","","","","","","","","","","","","","","","","","","","","","","","","","","","","","","","","",380 l,1225 l,"","","","","","","","","","","","","","","","",od 1997 do 2001 roku,1747 cm³,benzynowy,144 KM (106 kW) przy 6500 obr/min,169 Nm przy 3500 obr/min,"",DOHC,4,rzędowy,16,10.0 : 1,82 × 82.7 mm,"",wielopunktowy (MPI),"z przodu, poprzecznie","","","",195/55 R15,205/40 R17; 205/45 R16; 205/50 R15; 215/35 R17; 215/40 R16,"","",4x98,tarczowe,tarczowe,"","","","","","",kolumny McPhersona,"niezależne wahaczowe ze sprężyną spiralną, stabilizator","",manualna,5,na przednią oś,"","",209 km/h,9.3 s,"",30.2 s,8.4 l/100km,6.6 l/100km,11.5 l/100km,51 l,607 km,773 km,443 km,200 g/km,"",1215 kg,1735 kg,"","","","","","","",""
Alfa Romeo 146 2.0 16V Quadrifoglio 155KM 114kW 1998-2001,alfa romeo,146,https://www.autocentrum.pl/dane-techniczne/alfa-romeo/146/silnik-benzynowy-2.0-16v-quadrifoglio-155km-1998-2001/,5,5,10.5 m,5.2 m,4235 mm,1712 mm,1425 mm,2540 mm,1472 mm,1441 mm,871 mm,824 mm,100 mm,"","","","","","","","","","","","","","","","","","","","","","","","","","","","","","","","","","",380 l,1225 l,"","","","","","","","","","","","","","","","",od 1998 do 2001 roku,1970 cm³,benzynowy,155 KM (114 kW) przy 6400 obr/min,187 Nm przy 3500 obr/min,"",DOHC,4,rzędowy,16,10.0 : 1,83 × 91 mm,"",wielopunktowy (MPI),"z przodu, poprzecznie","","","",185/60 R14,195/50 R15; 205/40 R17; 205/45 R16; 205/50 R15; 215/35 R17,"","",4x98,tarczowe wentylowane,tarczowe,"","","","","","",kolumny McPhersona,"niezależne wahaczowe ze sprężyną spiralną, stabilizator","",manualna,5,na przednią oś,"","",211 km/h,7.9 s,"","",8.7 l/100km,6.6 l/100km,12.4 l/100km,51 l,586 km,773 km,411 km,210 g/km,"",1275 kg,1795 kg,"","","","","","","",""
Alfa Romeo 146 2.0 16V T.S. 150KM 110kW 1995-2001,alfa romeo,146,https://www.autocentrum.pl/dane-techniczne/alfa-romeo/146/silnik-benzynowy-2.0-16v-t.s.-150km-1995-2001/,5,5,10.5 m,5.2 m,4235 mm,1712 mm,1425 mm,2540 mm,1472 mm,1441 mm,871 mm,824 mm,100 mm,"","","","","","","","","","","","","","","","","","","","","","","","","","","","","","","","","","",380 l,1225 l,"","","","","","","","","","","","","","","","",od 1995 do 2001 roku,1970 cm³,benzynowy,150 KM (110 kW) przy 6200 obr/min,187 Nm przy 4000 obr/min,"",DOHC,4,rzędowy,16,10.0 : 1,83 × 91 mm,"",wielopunktowy (MPI),"z przodu, podłużnie","","","",195/50 R15,"","","","",tarczowe wentylowane,tarczowe,"","","","","","",kolumny McPhersona,"niezależne wahaczowe ze sprężyną spiralną, stabilizator","",manualna,5,na przednią oś,"","",212 km/h,8.5 s,"","",8.0 l/100km,6.2 l/100km,10.1 l/100km,51 l,638 km,823 km,505 km,"","",1275 kg,1800 kg,"","","","","","","",""
Alfa Romeo 146 1.9 JTD 105KM 77kW 1999-2000,alfa romeo,146,https://www.autocentrum.pl/dane-techniczne/alfa-romeo/146/silnik-diesla-1.9-jtd-105km-1999-2000/,5,5,10.5 m,5.2 m,4235 mm,1712 mm,1425 mm,2540 mm,1472 mm,1441 mm,871 mm,824 mm,100 mm,"","","","","","","","","","","","","","","","","","","","","","","","","","","","","","","","","","",380 l,1225 l,"","","","","","","","","","","","","","","","",od 1999 do 2000 roku,1910 cm³,diesel,105 KM (77 kW) przy 4000 obr/min,255 Nm przy 2000 obr/min,turbosprężarkowe,SOHC (OHC),4,rzędowy,8,19.0 : 1,82 × 90.4 mm,"",bezpośredni Common Rail,"z przodu, poprzecznie","","","",185/60 R14,175/65 R14; 195/50 R15; 205/40 R17; 205/45 R16; 205/50 R15,"","",4x98,tarczowe,bębnowe,"","","","","","",kolumny McPhersona,"niezależne wahaczowe ze sprężyną spiralną, stabilizator","",manualna,5,na przednią oś,"","",185 km/h,10.5 s,"",32.8 s,5.8 l/100km,4.7 l/100km,7.6 l/100km,51 l,879 km,1085 km,671 km,"","",1245 kg,1765 kg,"","","","","","","",""
Alfa Romeo 146 1.9 TD 90KM 66kW 1994-2000,alfa romeo,146,https://www.autocentrum.pl/dane-techniczne/alfa-romeo/146/silnik-diesla-1.9-td-90km-1994-2000/,5,5,10.5 m,5.2 m,4235 mm,1712 mm,1425 mm,2540 mm,1472 mm,1441 mm,871 mm,824 mm,100 mm,"","","","","","","","","","","","","","","","","","","","","","","","","","","","","","","","","","",380 l,1225 l,"","","","","","","","","","","","","","","","",od 1994 do 2000 roku,1929 cm³,diesel,90 KM (66 kW) przy 4100 obr/min,186 Nm przy 2400 obr/min,turbosprężarkowe,SOHC (OHC),4,rzędowy,8,19.0 : 1,82.6 × 90 mm,"","","z przodu, podłużnie","","","",175/65 R14,"","","","",tarczowe,bębnowe,"","","","","","",kolumny McPhersona,"niezależne wahaczowe ze sprężyną spiralną, stabilizator","",manualna,5,na przednią oś,"","",179 km/h,12.5 s,"","",6.8 l/100km,5.0 l/100km,8.8 l/100km,51 l,750 km,1020 km,580 km,"","",1250 kg,1765 kg,"","","","","","","",""
Alfa Romeo 147 GTA 3.2 i V6 24V 250KM 184kW 2002-2010,alfa romeo,147,https://www.autocentrum.pl/dane-techniczne/alfa-romeo/147/gta/silnik-benzynowy-3.2-i-v6-24v-250km-2002-2010/,3,5,"","",4213 mm,1764 mm,1412 mm,2546 mm,1516 mm,1504 mm,925 mm,742 mm,"","","","","","","","","","","","","","","","","","","","","","","","","","","","","","","","","","","",280 l,1030 l,"","","","","","","","","","","","","","","","",od 2002 do 2010 roku,3179 cm³,benzynowy,250 KM (184 kW) przy 6200 obr/min,300 Nm przy 4800 obr/min,"",DOHC,6,widlasty,24,11.0 : 1,93 × 78 mm,"",wielopunktowy (MPI),"z przodu, poprzecznie","","","",225/45 R17,"",7.5J X 17,"","",tarczowe wentylowane,tarczowe,"","","","","","",dwuwahaczowe,"niezależne typu McPherson, sprężyny śrubowe","",manualna,6,na przednią oś,"","",246 km/h,6.3 s,"","",12.1 l/100km,8.6 l/100km,18.1 l/100km,63 l,521 km,733 km,348 km,"","",1360 kg,1880 kg,"","","","","","","",""
Alfa Romeo 147 Hatchback 1.6 i 16V T.Spark 120KM 88kW 2000-2010,alfa romeo,147,https://www.autocentrum.pl/dane-techniczne/alfa-romeo/147/hatchback/silnik-benzynowy-1.6-i-16v-t.spark-120km-2000-2010/,5,5,11.5 m,5.8 m,4223 mm,1729 mm,1421 mm,2546 mm,1509 mm,1494 mm,952 mm,732 mm,"","",1892 mm,"","","","","","","","","","","","","","","","","","","","","","","","","","","","","","","","",280 l,1030 l,"","","","","","","","","","","","","","","","",od 2000 do 2010 roku,1598 cm³,benzynowy,120 KM (88 kW) przy 6200 obr/min,146 Nm przy 4200 obr/min,"",DOHC,4,rzędowy,16,10.0 : 1,82 × 75.6 mm,"",wielopunktowy (MPI),"z przodu, poprzecznie","","","",185/65 R15,195/60 R15; 205/50 R16; 215/45 R17; 225/45 R17; 235/35 R18,6.5J x 15,"",5x98,tarczowe wentylowane,tarczowe,"","","","","","",dwuwahaczowe,"niezależne typu McPherson, sprężyny śrubowe","",manualna,5,na przednią oś,"","",195 km/h,10.6 s,"",31.4 s,8.2 l/100km,6.4 l/100km,11.2 l/100km,60 l,732 km,937 km,536 km,194 g/km,"",1265 kg,1720 kg,"","","","","","","",""
Alfa Romeo 147 Hatchback 1.6 TS 16v 105KM 77kW 2000-2010,alfa romeo,147,https://www.autocentrum.pl/dane-techniczne/alfa-romeo/147/hatchback/silnik-benzynowy-1.6-ts-16v-105km-2000-2010/,5,5,11.5 m,5.8 m,4223 mm,1729 mm,1421 mm,2546 mm,1509 mm,1494 mm,952 mm,732 mm,"","",1892 mm,"","","","","","","","","","","","","","","","","","","","","","","","","","","","","","","","",280 l,1030 l,"","","","","","","","","","","","","","","","",od 2000 do 2010 roku,1598 cm³,benzynowy,105 KM (77 kW) przy 5600 obr/min,140 Nm przy 4200 obr/min,"",DOHC,4,rzędowy,16,10.0 : 1,82 × 73.6 mm,"",wielopunktowy (MPI),"z przodu, poprzecznie","","","",185/65 R15,195/60 R15; 205/50 R16; 215/45 R17; 225/45 R17; 235/35 R18,6J x 15,"",5x98,tarczowe wentylowane,tarczowe,284 mm,251 mm,"","",22 mm,10 mm,dwuwahaczowe,"niezależne typu McPherson, sprężyny śrubowe","",manualna,5,na przednią oś,"","",185 km/h,11.3 s,"",32.7 s,8.1 l/100km,6.3 l/100km,11.1 l/100km,60 l,741 km,952 km,541 km,191 g/km,Euro 3,1210 kg,1710 kg,"","","",52 Ah,"","","",""
Alfa Romeo 147 Hatchback 2.0 i 16V T.Spark 150KM 110kW 2000-2010,alfa romeo,147,https://www.autocentrum.pl/dane-techniczne/alfa-romeo/147/hatchback/silnik-benzynowy-2.0-i-16v-t.spark-150km-2000-2010/,5,5,11.5 m,5.8 m,4223 mm,1729 mm,1421 mm,2546 mm,1509 mm,1494 mm,952 mm,732 mm,"","",1892 mm,"","","","","","","","","","","","","","","","","","","","","","","","","","","","","","","","",280 l,1030 l,"","","","","","","","","","","","","","","","",od 2000 do 2010 roku,1970 cm³,benzynowy,150 KM (110 kW) przy 6300 obr/min,181 Nm przy 3800 obr/min,"",DOHC,4,rzędowy,16,10.0 : 1,83 × 91 mm,"",wielopunktowy (MPI),"z przodu, poprzecznie","","","",185/65 R15,195/60 R15; 205/50 R16; 215/45 R17; 225/45 R17; 235/35 R18,6.5J x 15,"",5x98,tarczowe wentylowane,tarczowe,"","","","","","",dwuwahaczowe,"niezależne typu McPherson, sprężyny śrubowe","",automatyczna,5,na przednią oś,Selespeed,"",208 km/h,9.3 s,"",30.6 s,9.0 l/100km,7.0 l/100km,12.2 l/100km,60 l,667 km,857 km,492 km,212 g/km,"",1330 kg,1770 kg,"","","","","","","",""
Alfa Romeo 147 Hatchback 1.9 16V JTD 140KM 103kW 2003-2005,alfa romeo,147,https://www.autocentrum.pl/dane-techniczne/alfa-romeo/147/hatchback/silnik-diesla-1.9-16v-jtd-140km-2003-2005/,5,5,11.5 m,5.8 m,4223 mm,1729 mm,1421 mm,2546 mm,1509 mm,1494 mm,952 mm,732 mm,"","",1892 mm,"","","","","","","","","","","","","","","","","","","","","","","","","","","","","","","","",280 l,1030 l,"","","","","","","","","","","","","","","","",od 2003 do 2005 roku,1910 cm³,diesel,140 KM (103 kW) przy 4000 obr/min,305 Nm przy 2000 obr/min,turbosprężarkowe,DOHC,4,rzędowy,16,19.0 : 1,82 × 90.4 mm,"",bezpośredni Common Rail,"z przodu, poprzecznie","","","",185/65 R15,195/60 R15; 205/50 R16; 215/45 R17; 225/45 R17; 235/35 R18,6.5J x 15,"",5x98,tarczowe wentylowane,tarczowe,"","","","","","",dwuwahaczowe,"niezależne typu McPherson, sprężyny śrubowe","",manualna,6,na przednią oś,"","",206 km/h,9.1 s,"",31.4 s,5.9 l/100km,4.7 l/100km,8.0 l/100km,60 l,1017 km,1277 km,750 km,137 g/km,"",1275 kg,1795 kg,"","","","","","","",""
Alfa Romeo 147 Hatchback 1.9 16V JTD 150KM 110kW 2005-2010,alfa romeo,147,https://www.autocentrum.pl/dane-techniczne/alfa-romeo/147/hatchback/silnik-diesla-1.9-16v-jtd-150km-2005-2010/,5,5,11.5 m,5.8 m,4223 mm,1729 mm,1421 mm,2546 mm,1509 mm,1494 mm,952 mm,732 mm,"","",1892 mm,"","","","","","","","","","","","","","","","","","","","","","","","","","","","","","","","",280 l,1030 l,"","","","","","","","","","","","","","","","",od 2005 do 2010 roku,1910 cm³,diesel,150 KM (110 kW) przy 4000 obr/min,305 Nm przy 2000 obr/min,turbosprężarkowe,DOHC,4,rzędowy,16,18.0 : 1,82 × 90.4 mm,"",bezpośredni Common Rail,"z przodu, poprzecznie","","","",185/65 R15,195/60 R15; 205/50 R16; 215/45 R17; 225/45 R17; 235/35 R18,6.5J x 15,"",5x98,tarczowe wentylowane,tarczowe,"","","","","","",dwuwahaczowe,"niezależne typu McPherson, sprężyny śrubowe","",manualna,6,na przednią oś,"","",208 km/h,8.8 s,"",30.0 s,5.9 l/100km,4.7 l/100km,8.0 l/100km,60 l,1017 km,1277 km,750 km,157 g/km,"",1290 kg,1819 kg,"","","","","","","",""
Alfa Romeo 147 Hatchback 1.9 JTD 100KM 74kW 2005-2010,alfa romeo,147,https://www.autocentrum.pl/dane-techniczne/alfa-romeo/147/hatchback/silnik-diesla-1.9-jtd-100km-2005-2010/,5,5,11.5 m,5.8 m,4223 mm,1729 mm,1421 mm,2546 mm,1509 mm,1494 mm,952 mm,732 mm,"","",1892 mm,"","","","","","","","","","","","","","","","","","","","","","","","","","","","","","","","",280 l,1030 l,"","","","","","","","","","","","","","","","",od 2005 do 2010 roku,1910 cm³,diesel,100 KM (74 kW) przy 4000 obr/min,200 Nm przy 2000 obr/min,turbosprężarkowe,SOHC (OHC),4,rzędowy,8,19.0 : 1,82 × 90.4 mm,"",bezpośredni Common Rail,"z przodu, poprzecznie","","","",185/65 R15,195/60 R15; 205/50 R16; 215/45 R17; 225/45 R17; 235/35 R18,6.5J x 16,"",5x98,tarczowe wentylowane,tarczowe,"","","","","","",dwuwahaczowe,"niezależne typu McPherson, sprężyny śrubowe","",manualna,5,na przednią oś,"","",183 km/h,12.1 s,"",33.5 s,5.8 l/100km,4.7 l/100km,7.8 l/100km,60 l,1034 km,1277 km,769 km,155 g/km,"",1270 kg,1790 kg,"","","","","","","",""
Alfa Romeo 147 Hatchback 1.9 JTD 115KM 85kW 2000-2010,alfa romeo,147,https://www.autocentrum.pl/dane-techniczne/alfa-romeo/147/hatchback/silnik-diesla-1.9-jtd-115km-2000-2010/,5,5,11.5 m,5.8 m,4223 mm,1729 mm,1421 mm,2546 mm,1509 mm,1494 mm,952 mm,732 mm,"","",1892 mm,"","","","","","","","","","","","","","","","","","","","","","","","","","","","","","","","",280 l,1030 l,"","","","","","","","","","","","","","","","",od 2000 do 2010 roku,1910 cm³,diesel,115 KM (85 kW) przy 4000 obr/min,275 Nm przy 2000 obr/min,turbosprężarkowe,SOHC (OHC),4,rzędowy,8,19.0 : 1,82 × 90.4 mm,"",bezpośredni Common Rail,"z przodu, poprzecznie","","","",185/65 R15,195/60 R15; 205/50 R16; 215/45 R17; 225/45 R17; 235/35 R18,6.5J x 16,"",5x98,tarczowe wentylowane,tarczowe,284 mm,251 mm,"","","","",dwuwahaczowe,"niezależne typu McPherson, sprężyny śrubowe","",manualna,5,na przednią oś,"","",189 km/h,10.5 s,"",31.9 s,5.8 l/100km,4.7 l/100km,7.8 l/100km,60 l,1034 km,1277 km,769 km,135 g/km,"",1345 kg,1790 kg,"","","","","","","",""
Alfa Romeo 147 Hatchback 1.9 MultiJet 8v 120KM 88kW 2005-2010,alfa romeo,147,https://www.autocentrum.pl/dane-techniczne/alfa-romeo/147/hatchback/silnik-diesla-1.9-multijet-8v-120km-2005-2010/,5,5,11.5 m,5.8 m,4223 mm,1729 mm,1421 mm,2546 mm,1509 mm,1494 mm,952 mm,732 mm,"","",1892 mm,"","","","","","","","","","","","","","","","","","","","","","","","","","","","","","","","",280 l,1030 l,"","","","","","","","","","","","","","","","",od 2005 do 2010 roku,1910 cm³,diesel,120 KM (88 kW) przy 4000 obr/min,280 Nm przy 2000 obr/min,turbosprężarkowe,SOHC (OHC),4,rzędowy,8,18.0 : 1,82 × 94 mm,"",bezpośredni Common Rail,"z przodu, poprzecznie","","","",205/55 R16,215/45 R17,6.5 J x 15,"",5x98,tarczowe wentylowane,tarczowe,"","","","","","",dwuwahaczowe,"niezależne typu McPherson, sprężyny śrubowe","",manualna,5,na przednią oś,"","",193 km/h,9.6 s,"",32.2 s,5.8 l/100km,4.7 l/100km,7.8 l/100km,60 l,1034 km,1277 km,769 km,"","",1375 kg,1775 kg,"","","","","","","",""
Alfa Romeo 155 1.6 16V T.S. 120KM 88kW 1995-1998,alfa romeo,155,https://www.autocentrum.pl/dane-techniczne/alfa-romeo/155/silnik-benzynowy-1.6-16v-t.s.-120km-1995-1998/,4,5,"","",4443 mm,1700 mm,1440 mm,2450 mm,1469 mm,1402 mm,960 mm,943 mm,"","","","","","","","","","","","","","","","","","","","","","","","","","","","","","","","","","","",410 l,"","","","","","","","","","","","","","","","","",od 1995 do 1998 roku,1598 cm³,benzynowy,120 KM (88 kW) przy 6300 obr/min,144 Nm przy 4500 obr/min,"",DOHC,4,rzędowy,16,10.0 : 1,82 × 75.6 mm,"",wielopunktowy (MPI),"z przodu, poprzecznie","","","",175/65 R14,195/55 R15; 205/40 R17; 205/45 R16; 205/50 R15; 225/40 R16,"","",4x98,tarczowe,tarczowe,"","","","","","","","","",manualna,5,na przednią oś,"","",195 km/h,11.4 s,"","",8.8 l/100km,7.4 l/100km,9.5 l/100km,60 l,682 km,811 km,632 km,"","",1325 kg,1800 kg,"","","","","","","",""
Alfa Romeo 155 1.7 T.S. 115KM 85kW 1993-1995,alfa romeo,155,https://www.autocentrum.pl/dane-techniczne/alfa-romeo/155/silnik-benzynowy-1.7-t.s.-115km-1993-1995/,4,5,"","",4443 mm,1700 mm,1440 mm,2450 mm,1469 mm,1402 mm,960 mm,943 mm,"","","","","","","","","","","","","","","","","","","","","","","","","","","","","","","","","","","",410 l,"","","","","","","","","","","","","","","","","",od 1993 do 1995 roku,1749 cm³,benzynowy,115 KM (85 kW) przy 5800 obr/min,152 Nm przy 3500 obr/min,"",DOHC,4,rzędowy,8,10.0 : 1,83x4x80,"",wielopunktowy (MPI),"z przodu, poprzecznie","","","",185/60 R14,195/55 R15; 205/40 R17; 205/45 R16; 205/50 R15; 225/40 R16,"","",4x98,tarczowe wentylowane,tarczowe,"","","","","","",kolumny McPhersona,belka skrętna,gazowe,automatyczna,5,na przednią oś,"","",190 km/h,11.0 s,"",33.4 s,8.6 l/100km,7.6 l/100km,10.0 l/100km,60 l,698 km,789 km,600 km,"","",1350 kg,1850 kg,"","","","","","","",""
Alfa Romeo 155 1.8 T.S. 129KM 95kW 1992-1995,alfa romeo,155,https://www.autocentrum.pl/dane-techniczne/alfa-romeo/155/silnik-benzynowy-1.8-t.s.-129km-1992-1995/,4,5,"","",4443 mm,1700 mm,1440 mm,2450 mm,1469 mm,1402 mm,960 mm,943 mm,"","","","","","","","","","","","","","","","","","","","","","","","","","","","","","","","","","","",410 l,"","","","","","","","","","","","","","","","","",od 1992 do 1995 roku,1773 cm³,benzynowy,129 KM (95 kW) przy 6000 obr/min,165 Nm przy 5000 obr/min,"",SOHC (OHC),4,rzędowy,8,10.0 : 1,84 × 80 mm,"",wielopunktowy (MPI),"z przodu, poprzecznie","","","",185/60 R14,"","","","",tarczowe,tarczowe,"","","","","","","","","",manualna,5,na przednią oś,"","",200 km/h,10.3 s,"",31.8 s,8.8 l/100km,6.7 l/100km,9.5 l/100km,60 l,682 km,896 km,632 km,"","",1270 kg,"","","","","","","","",""
Alfa Romeo 155 1.8 T.Spark 105KM 77kW 1992-1993,alfa romeo,155,https://www.autocentrum.pl/dane-techniczne/alfa-romeo/155/silnik-benzynowy-1.8-t.spark-105km-1992-1993/,4,5,"","",4443 mm,1700 mm,1440 mm,2450 mm,1469 mm,1402 mm,960 mm,943 mm,"","","","","","","","","","","","","","","","","","","","","","","","","","","","","","","","","","","",410 l,"","","","","","","","","","","","","","","","","",od 1992 do 1993 roku,1747 cm³,benzynowy,105 KM (77 kW) przy 6300 obr/min,165 Nm przy 4000 obr/min,"",DOHC,4,rzędowy,16,10.0 : 1,82 × 82.7 mm,iskrowy,wielopunktowy (MPI),"","","",przekładnia zębatkowa ze wspomaganiem hydraulicznym,185/60 R14,195/55 R15; 205/40 R17; 205/45 R16; 205/50 R15; 225/40 R16,"","",4x98,tarczowe wentylowane,tarczowe,"","","","","","",wielowahaczowe double wishbone,belka skrętna,gazowe,"","","","","","","","","","","","","","","","","","","","","","","","","","","",""
Alfa Romeo 155 1.8 T.Spark 127KM 93kW 1992-1996,alfa romeo,155,https://www.autocentrum.pl/dane-techniczne/alfa-romeo/155/silnik-benzynowy-1.8-t.spark-127km-1992-1996/,4,5,"","",4443 mm,1700 mm,1440 mm,2450 mm,1469 mm,1402 mm,960 mm,943 mm,"","","","","","","","","","","","","","","","","","","","","","","","","","","","","","","","","","","",410 l,"","","","","","","","","","","","","","","","","",od 1992 do 1996 roku,1773 cm³,benzynowy,127 KM (93 kW) przy 6000 obr/min,163 Nm przy 5000 obr/min,"",DOHC,4,rzędowy,8,10.0 : 1,84 × 80 mm,"",wielopunktowy (MPI),"z przodu, poprzecznie","","","",205/50 R15,"","","","",tarczowe wentylowane,tarczowe,"","","","","","","","","",manualna,5,na przednią oś,"","",200 km/h,10.3 s,"","",8.2 l/100km,6.6 l/100km,9.6 l/100km,60 l,732 km,909 km,625 km,"","",1325 kg,1815 kg,"","","","","","","",""
Alfa Romeo 155 1.8 T.Spark 140KM 103kW 1995-1997,alfa romeo,155,https://www.autocentrum.pl/dane-techniczne/alfa-romeo/155/silnik-benzynowy-1.8-t.spark-140km-1995-1997/,4,5,"","",4443 mm,1700 mm,1440 mm,2450 mm,1469 mm,1402 mm,960 mm,943 mm,"","","","","","","","","","","","","","","","","","","","","","","","","","","","","","","","","","","",410 l,"","","","","","","","","","","","","","","","","",od 1995 do 1997 roku,1747 cm³,benzynowy,140 KM (103 kW) przy 6300 obr/min,165 Nm przy 4000 obr/min,"",DOHC,4,rzędowy,16,10.0 : 1,82 × 82.7 mm,"",wielopunktowy (MPI),"z przodu, poprzecznie","","","",205/50 R15,"","","","",tarczowe wentylowane,tarczowe,"","","","","","","","","",manualna,5,na przednią oś,"","",205 km/h,10.0 s,"","",8.2 l/100km,6.1 l/100km,9.5 l/100km,60 l,732 km,984 km,632 km,"","",1325 kg,1800 kg,"","","","","","","",""
Alfa Romeo 155 2.0 16V Turbo Q4 190KM 140kW 1992-1997,alfa romeo,155,https://www.autocentrum.pl/dane-techniczne/alfa-romeo/155/silnik-benzynowy-2.0-16v-turbo-q4-190km-1992-1997/,4,5,"","",4443 mm,1700 mm,1440 mm,2450 mm,1469 mm,1402 mm,960 mm,943 mm,"","","","","","","","","","","","","","","","","","","","","","","","","","","","","","","","","","","",410 l,"","","","","","","","","","","","","","","","","",od 1992 do 1997 roku,1995 cm³,benzynowy,190 KM (140 kW) przy 6000 obr/min,297 Nm przy 2500 obr/min,turbosprężarkowe,DOHC,4,rzędowy,16,8.0 : 1,84 × 90 mm,"",wielopunktowy (MPI),"z przodu, poprzecznie","","","",195/55 R15,205/40 R17; 205/45 R16; 205/50 R15; 215/40 R17; 225/40 R16,"","",4x98,tarczowe wentylowane,tarczowe,"","","","","","","","","",manualna,5,4x4,"","",225 km/h,7.0 s,"",28.3 s,9.8 l/100km,7.7 l/100km,12.3 l/100km,60 l,612 km,779 km,488 km,"","",1390 kg,1845 kg,"","","","","","","",""
Alfa Romeo 155 2.0 T.S. (167.A2) 145KM 107kW 1992-1993,alfa romeo,155,https://www.autocentrum.pl/dane-techniczne/alfa-romeo/155/silnik-benzynowy-2.0-t.s.-167.a2-145km-1992-1993/,4,5,"","",4443 mm,1700 mm,1440 mm,2450 mm,1469 mm,1402 mm,960 mm,943 mm,"","","","","","","","","","","","","","","","","","","","","","","","","","","","","","","","","","","",410 l,"","","","","","","","","","","","","","","","","",od 1992 do 1993 roku,1995 cm³,benzynowy,145 KM (107 kW) przy 6000 obr/min,187 Nm przy 5000 obr/min,"",SOHC (OHC),4,rzędowy,8,10.0 : 1,84 × 90 mm,"",wielopunktowy (MPI),"z przodu, poprzecznie","","","",185/60 R14,195/55 R15; 205/40 R17; 205/45 R16; 205/50 R15; 225/40 R16,"","",4x98,tarczowe wentylowane,tarczowe,"","","","","","","","","",manualna,5,na przednią oś,"","",200 km/h,9.5 s,"",31.0 s,8.2 l/100km,"","",60 l,732 km,"","","","",1214 kg,"","","","","","","","",""
Alfa Romeo 155 2.0 T.S. (167.A2A) 143KM 105kW 1992-1995,alfa romeo,155,https://www.autocentrum.pl/dane-techniczne/alfa-romeo/155/silnik-benzynowy-2.0-t.s.-167.a2a-143km-1992-1995/,4,5,"","",4443 mm,1700 mm,1440 mm,2450 mm,1469 mm,1402 mm,960 mm,943 mm,"","","","","","","","","","","","","","","","","","","","","","","","","","","","","","","","","","","",410 l,"","","","","","","","","","","","","","","","","",od 1992 do 1995 roku,1995 cm³,benzynowy,143 KM (105 kW) przy 6000 obr/min,189 Nm przy 5000 obr/min,"",SOHC (OHC),4,rzędowy,8,10.0 : 1,84 × 90 mm,"",wielopunktowy (MPI),"z przodu, poprzecznie","","","",185/60 R14,195/55 R15; 205/40 R17; 205/45 R16; 205/50 R15; 225/40 R16,"","",4x98,tarczowe wentylowane,tarczowe,"","","","","","","","","",manualna,5,na przednią oś,"","",205 km/h,9.3 s,"","",8.1 l/100km,6.3 l/100km,9.7 l/100km,60 l,741 km,952 km,619 km,"","",1275 kg,1790 kg,"","","","","","","",""
Alfa Romeo 155 2.0 T.S. 16V 150KM 110kW 1995-1997,alfa romeo,155,https://www.autocentrum.pl/dane-techniczne/alfa-romeo/155/silnik-benzynowy-2.0-t.s.-16v-150km-1995-1997/,4,5,"","",4443 mm,1700 mm,1440 mm,2450 mm,1469 mm,1402 mm,960 mm,943 mm,"","","","","","","","","","","","","","","","","","","","","","","","","","","","","","","","","","","",410 l,"","","","","","","","","","","","","","","","","",od 1995 do 1997 roku,1970 cm³,benzynowy,150 KM (110 kW) przy 6200 obr/min,187 Nm przy 4000 obr/min,"",DOHC,4,rzędowy,16,10.0 : 1,83 × 91 mm,"",wielopunktowy (MPI),"z przodu, poprzecznie","","","",195/55 R15,"","","","",tarczowe wentylowane,tarczowe,"","","","","","","","","",manualna,5,na przednią oś,"","",208 km/h,9.0 s,"","",8.0 l/100km,6.2 l/100km,9.7 l/100km,60 l,750 km,968 km,619 km,"","",1415 kg,1840 kg,"","","","","","","",""
Alfa Romeo 155 2.5 V6 (167.A1) 165KM 121kW 1992-1996,alfa romeo,155,https://www.autocentrum.pl/dane-techniczne/alfa-romeo/155/silnik-benzynowy-2.5-v6-167.a1-165km-1992-1996/,4,5,"","",4443 mm,1700 mm,1440 mm,2450 mm,1469 mm,1402 mm,960 mm,943 mm,"","","","","","","","","","","","","","","","","","","","","","","","","","","","","","","","","","","",410 l,"","","","","","","","","","","","","","","","","",od 1992 do 1996 roku,2492 cm³,benzynowy,165 KM (121 kW) przy 5800 obr/min,216 Nm przy 4500 obr/min,"",SOHC (OHC),6,widlasty,12,10.0 : 1,88 × 68.3 mm,"",wielopunktowy (MPI),"z przodu, poprzecznie","","","",205/50 R15,195/55 R15; 205/40 R17; 205/45 R16; 215/40 R17; 225/40 R16,"","",4x98,tarczowe wentylowane,tarczowe,"","","","","","","","","",manualna,5,na przednią oś,"","",215 km/h,8.4 s,"","",9.5 l/100km,7.5 l/100km,12.2 l/100km,60 l,632 km,800 km,492 km,"","",1330 kg,1850 kg,"","","","","","","",""
"Alfa Romeo 155 2.5 V6 (167.A1C,167.A1E) 166KM 122kW 1992-1997",alfa romeo,155,https://www.autocentrum.pl/dane-techniczne/alfa-romeo/155/silnik-benzynowy-2.5-v6-167.a1c-167.a1e-166km-1992-1997/,4,5,"","",4443 mm,1700 mm,1440 mm,2450 mm,1469 mm,1402 mm,960 mm,943 mm,"","","","","","","","","","","","","","","","","","","","","","","","","","","","","","","","","","","",410 l,"","","","","","","","","","","","","","","","","",od 1992 do 1997 roku,2492 cm³,benzynowy,166 KM (122 kW) przy 5800 obr/min,216 Nm przy 4500 obr/min,"",SOHC (OHC),6,widlasty,12,10.0 : 1,88 × 68.3 mm,"",wielopunktowy (MPI),"z przodu, poprzecznie","","","",205/50 R15,195/55 R15; 205/40 R17; 205/45 R16; 215/40 R17; 225/40 R16,"","",4x98,tarczowe wentylowane,tarczowe,"","","","","","","","","",automatyczna,5,na przednią oś,"","",210 km/h,9.5 s,"",29.4 s,9.6 l/100km,7.7 l/100km,11.4 l/100km,60 l,625 km,779 km,526 km,"","",1370 kg,1850 kg,"","","","","","","",4
Alfa Romeo 155 1.9 TD 92KM 68kW 1993-1997,alfa romeo,155,https://www.autocentrum.pl/dane-techniczne/alfa-romeo/155/silnik-diesla-1.9-td-92km-1993-1997/,4,5,"","",4443 mm,1700 mm,1440 mm,2450 mm,1469 mm,1402 mm,960 mm,943 mm,"","","","","","","","","","","","","","","","","","","","","","","","","","","","","","","","","","","",410 l,"","","","","","","","","","","","","","","","","",od 1993 do 1997 roku,1929 cm³,diesel,92 KM (68 kW) przy 4100 obr/min,190 Nm przy 2400 obr/min,turbosprężarkowe,SOHC (OHC),4,rzędowy,2,19.0 : 1,82.6 × 90 mm,"","","z przodu, poprzecznie","","","",185/60 R14,195/55 R15; 205/40 R17; 205/45 R16; 205/50 R15; 225/40 R16,"","",4x98,tarczowe,tarczowe,"","","","","","","","","",manualna,5,na przednią oś,"","",180 km/h,13.5 s,"","",7.1 l/100km,5.1 l/100km,8.0 l/100km,60 l,845 km,1176 km,750 km,"","",1300 kg,1820 kg,"","","","","","","",""
Alfa Romeo 155 2.5 TD 125KM 92kW 1993-1997,alfa romeo,155,https://www.autocentrum.pl/dane-techniczne/alfa-romeo/155/silnik-diesla-2.5-td-125km-1993-1997/,4,5,"","",4443 mm,1700 mm,1440 mm,2450 mm,1469 mm,1402 mm,960 mm,943 mm,"","","","","","","","","","","","","","","","","","","","","","","","","","","","","","","","","","","",410 l,"","","","","","","","","","","","","","","","","",od 1993 do 1997 roku,2500 cm³,diesel,125 KM (92 kW) przy 4200 obr/min,294 Nm przy 2000 obr/min,turbosprężarkowe,SOHC (OHC),4,rzędowy,8,21.0 : 1,92 × 94 mm,"","","z przodu, poprzecznie","","","",205/50 R15,195/50 R15; 205/40 R17; 205/45 R16; 215/40 R17; 225/40 R16,"","",4x98,tarczowe wentylowane,tarczowe,"","","","","","","","","",manualna,5,na przednią oś,"","",195 km/h,10.4 s,"","",8.9 l/100km,7.8 l/100km,9.5 l/100km,60 l,674 km,769 km,632 km,"","",1340 kg,1820 kg,"","","","","","","",""
Alfa Romeo 156 I GTA Kombi 3.2 i V6 24V 250KM 184kW 2001-2003,alfa romeo,156,https://www.autocentrum.pl/dane-techniczne/alfa-romeo/156/i/gta-kombi/silnik-benzynowy-3.2-i-v6-24v-250km-2001-2003/,5,5,"","",4430 mm,1765 mm,1435 mm,2595 mm,1520 mm,1510 mm,"","","","","","","","","","","","","","","","","","","","","","","","","","","","","","","","","","","","","",360 l,1180 l,"","","","","","","","","","","","","","","","",od 2001 do 2003 roku,3179 cm³,benzynowy,250 KM (184 kW) przy 6200 obr/min,300 Nm przy 4800 obr/min,"",DOHC,6,widlasty,24,11.0 : 1,93 × 78 mm,"",wielopunktowy (MPI),"z przodu, poprzecznie","","","",225/45 R17,"",7.5J x 17,"","",tarczowe wentylowane,tarczowe,"","","","","","",dwuwahaczowe,wielowahaczowe,"",automatyczna,6,na przednią oś,Selespeed,"",250 km/h,6.3 s,"",25.9 s,12.3 l/100km,8.8 l/100km,18.5 l/100km,63 l,512 km,716 km,341 km,"","",1460 kg,1920 kg,"","","","","","","",""
Alfa Romeo 156 I GTA 3.2 i V6 24V 250KM 184kW 2002-2005,alfa romeo,156,https://www.autocentrum.pl/dane-techniczne/alfa-romeo/156/i/gta/silnik-benzynowy-3.2-i-v6-24v-250km-2002-2005/,4,5,"","",4430 mm,1745 mm,1402 mm,2595 mm,1522 mm,1509 mm,953 mm,885 mm,"","","","","","","","","","","","","","","","","","","","","","","","","","","","","","","","","","","",380 l,"","","","","","","","","","","","","","","","","",od 2002 do 2005 roku,3179 cm³,benzynowy,250 KM (184 kW) przy 6200 obr/min,300 Nm przy 4800 obr/min,"",DOHC,6,widlasty,24,11.0 : 1,93 × 78 mm,"",wielopunktowy (MPI),"z przodu, poprzecznie","","","",225/45 R17,"",7.5J x 17,"","",tarczowe wentylowane,tarczowe,"","","","","","",dwuwahaczowe,wielowahaczowe,"",automatyczna,6,na przednią oś,Selespeed,"",250 km/h,6.3 s,"",25.9 s,12.1 l/100km,8.6 l/100km,18.0 l/100km,63 l,521 km,733 km,350 km,286 g/km,"",1410 kg,1875 kg,"","","","","","","",""
Alfa Romeo 156 I Kombi 1.6 16V T.S. 120KM 88kW 2000-2003,alfa romeo,156,https://www.autocentrum.pl/dane-techniczne/alfa-romeo/156/i/kombi/silnik-benzynowy-1.6-16v-t.s.-120km-2000-2003/,5,5,"","",4430 mm,1745 mm,1420 mm,2595 mm,"","","","","","","","","","","","","","","","","","","","","","","","","","","","","","","","","","","","","","","",360 l,1180 l,"","","","","","","","","","","","","","","","",od 2000 do 2003 roku,1598 cm³,benzynowy,120 KM (88 kW) przy 6300 obr/min,144 Nm przy 4500 obr/min,"",DOHC,4,rzędowy,16,10.0 : 1,82 × 75.6 mm,"",wielopunktowy (MPI),"z przodu, poprzecznie","","","",185/65 R15,"","","","",tarczowe wentylowane,tarczowe,"","","","","","",dwuwahaczowe,wielowahaczowe,"",manualna,5,na przednią oś,"","",200 km/h,11.0 s,"","",8.2 l/100km,6.4 l/100km,11.4 l/100km,63 l,768 km,984 km,553 km,195 g/km,"",1280 kg,1800 kg,"","","","","","","",""
Alfa Romeo 156 I Kombi 1.8 16V T.S. 144KM 106kW 2000-2003,alfa romeo,156,https://www.autocentrum.pl/dane-techniczne/alfa-romeo/156/i/kombi/silnik-benzynowy-1.8-16v-t.s.-144km-2000-2003/,5,5,"","",4430 mm,1745 mm,1420 mm,2595 mm,"","","","","","","","","","","","","","","","","","","","","","","","","","","","","","","","","","","","","","","",360 l,1180 l,"","","","","","","","","","","","","","","","",od 2000 do 2003 roku,1747 cm³,benzynowy,144 KM (106 kW) przy 6500 obr/min,169 Nm przy 3500 obr/min,"",DOHC,4,rzędowy,16,10.0 : 1,82 × 82.7 mm,"",wielopunktowy (MPI),"z przodu, poprzecznie","","","",185/65 R15,"","","","",tarczowe,tarczowe,"","","","","","",dwuwahaczowe,wielowahaczowe,"",manualna,5,na przednią oś,"","",210 km/h,9.6 s,"","",6.5 l/100km,8.5 l/100km,12.2 l/100km,63 l,969 km,741 km,516 km,207 g/km,"",1280 kg,1800 kg,"","","","","","","",""
Alfa Romeo 156 I Kombi 2.0 i 16V T.Spark 155KM 114kW 2000,alfa romeo,156,https://www.autocentrum.pl/dane-techniczne/alfa-romeo/156/i/kombi/silnik-benzynowy-2.0-i-16v-t.spark-155km-2000-2000/,5,5,"","",4430 mm,1745 mm,1420 mm,2595 mm,"","","","","","","","","","","","","","","","","","","","","","","","","","","","","","","","","","","","","","","",360 l,1180 l,"","","","","","","","","","","","","","","","",w 2000 roku,1970 cm³,benzynowy,155 KM (114 kW) przy 6500 obr/min,187 Nm przy 3500 obr/min,"",DOHC,4,rzędowy,16,10.0 : 1,83 × 91 mm,"",wielopunktowy (MPI),"z przodu, poprzecznie","","","",205/60 R15,"","","","",tarczowe wentylowane,tarczowe,"","","","","","",dwuwahaczowe,wielowahaczowe,"",automatyczna,5,na przednią oś,Selespeed,"",216 km/h,8.8 s,"","",8.8 l/100km,6.6 l/100km,12.2 l/100km,63 l,716 km,955 km,516 km,210 g/km,"",1300 kg,1815 kg,"","","","","","","",""
Alfa Romeo 156 I Kombi 2.0 JTS 165KM 121kW 2002-2003,alfa romeo,156,https://www.autocentrum.pl/dane-techniczne/alfa-romeo/156/i/kombi/silnik-benzynowy-2.0-jts-165km-2002-2003/,5,5,"","",4430 mm,1745 mm,1420 mm,2595 mm,"","","","","","","","","","","","","","","","","","","","","","","","","","","","","","","","","","","","","","","",360 l,1180 l,"","","","","","","","","","","","","","","","",od 2002 do 2003 roku,1970 cm³,benzynowy,165 KM (121 kW) przy 6400 obr/min,206 Nm przy 3250 obr/min,"",DOHC,4,rzędowy,16,11.0 : 1,83 × 91 mm,"",bezpośredni,"z przodu, poprzecznie","","","",205/65 R15,"","","","",tarczowe wentylowane,tarczowe,"","","","","","",dwuwahaczowe,wielowahaczowe,"",automatyczna,5,na przednią oś,Selespeed,"",220 km/h,8.2 s,"","",8.9 l/100km,6.9 l/100km,12.5 l/100km,63 l,708 km,913 km,504 km,"","",1335 kg,1850 kg,"","","","","","","",""
Alfa Romeo 156 I Kombi 2.0 T.S. 150KM 110kW 2001-2002,alfa romeo,156,https://www.autocentrum.pl/dane-techniczne/alfa-romeo/156/i/kombi/silnik-benzynowy-2.0-t.s.-150km-2001-2002/,5,5,"","",4430 mm,1745 mm,1420 mm,2595 mm,"","","","","","","","","","","","","","","","","","","","","","","","","","","","","","","","","","","","","","","",360 l,1180 l,"","","","","","","","","","","","","","","","",od 2001 do 2002 roku,1970 cm³,benzynowy,150 KM (110 kW) przy 6300 obr/min,181 Nm przy 3800 obr/min,"",DOHC,4,rzędowy,16,10.0 : 1,83 × 91 mm,"",wielopunktowy (MPI),"z przodu, poprzecznie","","","",195/65 R15,"","","","",tarczowe wentylowane,tarczowe,"","","","","","",dwuwahaczowe,wielowahaczowe,"",automatyczna,5,na przednią oś,Selespeed,"",214 km/h,9.1 s,"","",9.0 l/100km,6.9 l/100km,12.6 l/100km,63 l,700 km,913 km,500 km,"","",1335 kg,1850 kg,"","","","","","","",""
Alfa Romeo 156 I Kombi 2.5 i V6 24V 190KM 140kW 2000-2003,alfa romeo,156,https://www.autocentrum.pl/dane-techniczne/alfa-romeo/156/i/kombi/silnik-benzynowy-2.5-i-v6-24v-190km-2000-2003/,5,5,"","",4430 mm,1745 mm,1420 mm,2595 mm,"","","","","","","","","","","","","","","","","","","","","","","","","","","","","","","","","","","","","","","",360 l,1180 l,"","","","","","","","","","","","","","","","",od 2000 do 2003 roku,2492 cm³,benzynowy,190 KM (140 kW) przy 6300 obr/min,222 Nm przy 5000 obr/min,"",DOHC,6,widlasty,24,10.0 : 1,88 × 68.3 mm,"",wielopunktowy (MPI),"z przodu, poprzecznie","","","",205/60 R15,"","","","",tarczowe wentylowane,tarczowe,"","","","","","",dwuwahaczowe,wielowahaczowe,"",manualna,5,na przednią oś,"","",230 km/h,7.4 s,"","",11.4 l/100km,8.4 l/100km,16.5 l/100km,63 l,553 km,750 km,382 km,"","",1370 kg,1870 kg,"","","","","","","",""
Alfa Romeo 156 I Kombi 2.5 V6 24V Q-system 190KM 140kW 2000-2003,alfa romeo,156,https://www.autocentrum.pl/dane-techniczne/alfa-romeo/156/i/kombi/silnik-benzynowy-2.5-v6-24v-q-system-190km-2000-2003/,5,5,"","",4430 mm,1745 mm,1420 mm,2595 mm,"","","","","","","","","","","","","","","","","","","","","","","","","","","","","","","","","","","","","","","",360 l,1180 l,"","","","","","","","","","","","","","","","",od 2000 do 2003 roku,2492 cm³,benzynowy,190 KM (140 kW) przy 6300 obr/min,225 Nm przy 5000 obr/min,"",DOHC,6,widlasty,24,10.0 : 1,88 × 68.3 mm,"",wielopunktowy (MPI),"z przodu, poprzecznie","","","",205/60 R15,"","","","",tarczowe wentylowane,tarczowe,"","","","","","",dwuwahaczowe,wielowahaczowe,"",automatyczna,"",na przednią oś,"","",227 km/h,8.5 s,"","",12.0 l/100km,8.7 l/100km,17.7 l/100km,63 l,525 km,724 km,356 km,"","",1400 kg,1900 kg,"","","","","","","",4
Alfa Romeo 156 I Kombi 1.9 16V JTD 140KM 103kW 2000-2003,alfa romeo,156,https://www.autocentrum.pl/dane-techniczne/alfa-romeo/156/i/kombi/silnik-diesla-1.9-16v-jtd-140km-2000-2003/,5,5,"","",4430 mm,1745 mm,1420 mm,2595 mm,"","","","","","","","","","","","","","","","","","","","","","","","","","","","","","","","","","","","","","","",360 l,1180 l,"","","","","","","","","","","","","","","","",od 2000 do 2003 roku,1910 cm³,diesel,140 KM (103 kW) przy 4000 obr/min,305 Nm przy 2000 obr/min,turbosprężarkowe,DOHC,4,rzędowy,16,17.0 : 1,82 × 90.4 mm,"",bezpośredni Common Rail,"z przodu, poprzecznie","","","",205/55 R15,"","","","",tarczowe wentylowane,tarczowe,"","","","","","",dwuwahaczowe,wielowahaczowe,"",manualna,6,na przednią oś,"","",209 km/h,9.7 s,"",31.3 s,6.1 l/100km,4.8 l/100km,8.2 l/100km,63 l,1033 km,1312 km,768 km,"","",1310 kg,1850 kg,"","","","","","","",""
Alfa Romeo 156 I Kombi 1.9 JTD 105KM 77kW 2000,alfa romeo,156,https://www.autocentrum.pl/dane-techniczne/alfa-romeo/156/i/kombi/silnik-diesla-1.9-jtd-105km-2000-2000/,5,5,"","",4430 mm,1745 mm,1420 mm,2595 mm,"","","","","","","","","","","","","","","","","","","","","","","","","","","","","","","","","","","","","","","",360 l,1180 l,"","","","","","","","","","","","","","","","",w 2000 roku,1910 cm³,diesel,105 KM (77 kW) przy 4000 obr/min,255 Nm przy 2000 obr/min,turbosprężarkowe,SOHC (OHC),4,rzędowy,8,18.0 : 1,82 × 90.4 mm,"",bezpośredni Common Rail,"z przodu, poprzecznie","","","",185/65 R15,"","","","",tarczowe wentylowane,tarczowe,"","","","","","",dwuwahaczowe,wielowahaczowe,"",manualna,5,na przednią oś,"","",188 km/h,10.9 s,"","",6.0 l/100km,4.9 l/100km,7.9 l/100km,63 l,1050 km,1286 km,797 km,"","",1320 kg,1815 kg,"","","","","","","",""
Alfa Romeo 156 I Kombi 1.9 JTD 110KM 81kW 2001,alfa romeo,156,https://www.autocentrum.pl/dane-techniczne/alfa-romeo/156/i/kombi/silnik-diesla-1.9-jtd-110km-2001-2001/,5,5,"","",4430 mm,1745 mm,1420 mm,2595 mm,"","","","","","","","","","","","","","","","","","","","","","","","","","","","","","","","","","","","","","","",360 l,1180 l,"","","","","","","","","","","","","","","","",w 2001 roku,1910 cm³,diesel,110 KM (81 kW) przy 4000 obr/min,200 Nm przy 1500 obr/min,turbosprężarkowe,SOHC (OHC),4,rzędowy,8,18.0 : 1,82 × 90.4 mm,"",bezpośredni Common Rail,"z przodu, poprzecznie","","","",195/65 R15,"","","","",tarczowe,tarczowe,"","","","","","",dwuwahaczowe,wielowahaczowe,"",manualna,"",na przednią oś,"","",191 km/h,10.7 s,"","",6.0 l/100km,4.9 l/100km,7.9 l/100km,63 l,1050 km,1286 km,797 km,"","",1365 kg,1850 kg,"","","","","","","",""
Alfa Romeo 156 I Kombi 1.9 JTD 115KM 85kW 2001-2003,alfa romeo,156,https://www.autocentrum.pl/dane-techniczne/alfa-romeo/156/i/kombi/silnik-diesla-1.9-jtd-115km-2001-2003/,5,5,"","",4430 mm,1745 mm,1420 mm,2595 mm,"","","","","","","","","","","","","","","","","","","","","","","","","","","","","","","","","","","","","","","",360 l,1180 l,"","","","","","","","","","","","","","","","",od 2001 do 2003 roku,1910 cm³,diesel,115 KM (85 kW) przy 4000 obr/min,275 Nm przy 2000 obr/min,turbosprężarkowe,"",4,rzędowy,8,19.0 : 1,82 × 90.4 mm,"",bezpośredni Common Rail,"z przodu, poprzecznie","","","",195/65 R15,"","","","",tarczowe,tarczowe,"","","","","","",dwuwahaczowe,wielowahaczowe,"",manualna,5,na przednią oś,"","",191 km/h,10.7 s,"",32.9 s,6.0 l/100km,4.9 l/100km,7.9 l/100km,63 l,1050 km,1286 km,797 km,"","",1365 kg,1850 kg,"","","","","","","",""
Alfa Romeo 156 I Kombi 2.4 JTD 136KM 100kW 2000-2001,alfa romeo,156,https://www.autocentrum.pl/dane-techniczne/alfa-romeo/156/i/kombi/silnik-diesla-2.4-jtd-136km-2000-2001/,5,5,"","",4430 mm,1745 mm,1420 mm,2595 mm,"","","","","","","","","","","","","","","","","","","","","","","","","","","","","","","","","","","","","","","",360 l,1180 l,"","","","","","","","","","","","","","","","",od 2000 do 2001 roku,2387 cm³,diesel,136 KM (100 kW) przy 4200 obr/min,304 Nm przy 2000 obr/min,turbosprężarkowe,SOHC (OHC),5,rzędowy,10,19.0 : 1,82 × 90.4 mm,"",bezpośredni Common Rail,"z przodu, poprzecznie","","","",205/60 R15,"","","","",tarczowe wentylowane,tarczowe,"","","","","","",dwuwahaczowe,wielowahaczowe,"",manualna,5,na przednią oś,"","",203 km/h,9.9 s,"","",6.8 l/100km,5.6 l/100km,9.0 l/100km,63 l,926 km,1125 km,700 km,"","",1400 kg,1900 kg,"","","","","","","",""
Alfa Romeo 156 I Kombi 2.4 JTD 140KM 103kW 2001-2002,alfa romeo,156,https://www.autocentrum.pl/dane-techniczne/alfa-romeo/156/i/kombi/silnik-diesla-2.4-jtd-140km-2001-2002/,5,5,"","",4430 mm,1745 mm,1420 mm,2595 mm,"","","","","","","","","","","","","","","","","","","","","","","","","","","","","","","","","","","","","","","",360 l,1180 l,"","","","","","","","","","","","","","","","",od 2001 do 2002 roku,2387 cm³,diesel,140 KM (103 kW) przy 4000 obr/min,304 Nm przy 2000 obr/min,turbosprężarkowe,SOHC (OHC),5,rzędowy,10,18.0 : 1,82 × 90.4 mm,"",bezpośredni Common Rail,"z przodu, poprzecznie","","","",205/55 R15,"","","","",tarczowe wentylowane,tarczowe,"","","","","","",dwuwahaczowe,wielowahaczowe,"",manualna,5,na przednią oś,"","",203 km/h,9.8 s,"","",6.8 l/100km,5.6 l/100km,9.0 l/100km,63 l,926 km,1125 km,700 km,"","",1435 kg,1930 kg,"","","","","","","",""
Alfa Romeo 156 I Kombi 2.4 JTD 150KM 110kW 2002-2003,alfa romeo,156,https://www.autocentrum.pl/dane-techniczne/alfa-romeo/156/i/kombi/silnik-diesla-2.4-jtd-150km-2002-2003/,5,5,"","",4430 mm,1745 mm,1420 mm,2595 mm,"","","","","","","","","","","","","","","","","","","","","","","","","","","","","","","","","","","","","","","",360 l,1180 l,"","","","","","","","","","","","","","","","",od 2002 do 2003 roku,2387 cm³,diesel,150 KM (110 kW) przy 4000 obr/min,305 Nm przy 1800 obr/min,turbosprężarkowe,"",5,rzędowy,10,19.0 : 1,82 × 90.4 mm,"",bezpośredni Common Rail,"z przodu, poprzecznie","","","",205/60 R15,"","","","",tarczowe wentylowane,tarczowe,"","","","","","",dwuwahaczowe,wielowahaczowe,"",manualna,5,na przednią oś,"","",212 km/h,9.4 s,"",30.5 s,6.7 l/100km,5.5 l/100km,8.9 l/100km,63 l,940 km,1145 km,708 km,"",Euro 3,1435 kg,1930 kg,"","","","","","","",""
Alfa Romeo 156 I Sedan 1.6 16V T.S. 120KM 88kW 1997-2003,alfa romeo,156,https://www.autocentrum.pl/dane-techniczne/alfa-romeo/156/i/sedan/silnik-benzynowy-1.6-16v-t.s.-120km-1997-2003/,4,5,"","",4430 mm,1745 mm,1415 mm,2595 mm,1511 mm,1498 mm,950 mm,885 mm,"","","","","","","","","","","","","","","","","","","","","","","","","","","","","","","","","","","",378 l,"","","","","","","","","","","","","","","","","",od 1997 do 2003 roku,1598 cm³,benzynowy,120 KM (88 kW) przy 6300 obr/min,144 Nm przy 4500 obr/min,"",DOHC,4,rzędowy,16,10.0 : 1,82 × 75.6 mm,"",wielopunktowy (MPI),"z przodu, poprzecznie","","","",185/65 R15,195/55 R16,"","","",tarczowe wentylowane,tarczowe,"","","","","","",dwuwahaczowe,wielowahaczowe,"",manualna,5,na przednią oś,"","",200 km/h,10.5 s,"","",8.2 l/100km,6.4 l/100km,11.4 l/100km,63 l,768 km,984 km,553 km,195 g/km,"",1230 kg,1750 kg,"","","","","","","",""
Alfa Romeo 156 I Sedan 1.8 16V T.S. 144KM 106kW 1997-2003,alfa romeo,156,https://www.autocentrum.pl/dane-techniczne/alfa-romeo/156/i/sedan/silnik-benzynowy-1.8-16v-t.s.-144km-1997-2003/,4,5,"","",4430 mm,1745 mm,1415 mm,2595 mm,1511 mm,1498 mm,950 mm,885 mm,"","","","","","","","","","","","","","","","","","","","","","","","","","","","","","","","","","","",378 l,"","","","","","","","","","","","","","","","","",od 1997 do 2003 roku,1747 cm³,benzynowy,144 KM (106 kW) przy 6500 obr/min,169 Nm przy 3500 obr/min,"",DOHC,4,rzędowy,16,10.0 : 1,82 × 82.7 mm,"",wielopunktowy (MPI),"z przodu, poprzecznie","","","",185/65 R15,205/55 R16; 205/60 R15; 215/35 R19; 215/40 R18; 215/45 R17,"","",5x98,tarczowe,tarczowe,"","","","","","",dwuwahaczowe,wielowahaczowe,"",manualna,5,na przednią oś,"","",210 km/h,9.3 s,"","",8.5 l/100km,6.4 l/100km,12.1 l/100km,63 l,741 km,984 km,521 km,202 g/km,"",1230 kg,1750 kg,"","","","","","","",""
Alfa Romeo 156 I Sedan 2.0 i 16V T.Spark 155KM 114kW 1997-2000,alfa romeo,156,https://www.autocentrum.pl/dane-techniczne/alfa-romeo/156/i/sedan/silnik-benzynowy-2.0-i-16v-t.spark-155km-1997-2000/,4,5,"","",4430 mm,1745 mm,1415 mm,2595 mm,1511 mm,1498 mm,950 mm,885 mm,"","","","","","","","","","","","","","","","","","","","","","","","","","","","","","","","","","","",378 l,"","","","","","","","","","","","","","","","","",od 1997 do 2000 roku,1970 cm³,benzynowy,155 KM (114 kW) przy 6500 obr/min,187 Nm przy 3500 obr/min,"",DOHC,4,rzędowy,16,10.0 : 1,83 × 91 mm,"",wielopunktowy (MPI),"z przodu, poprzecznie","","","",205/60 R15,205/55 R16; 205/60 R15; 215/35 R19; 215/40 R18; 215/45 R17,"","",5x98,tarczowe wentylowane,tarczowe,"","","","","","",dwuwahaczowe,wielowahaczowe,"",manualna,5,na przednią oś,"","",216 km/h,8.6 s,"","",8.5 l/100km,6.6 l/100km,11.7 l/100km,63 l,741 km,955 km,538 km,203 g/km,"",1250 kg,1770 kg,"","","","","","","",""
Alfa Romeo 156 I Sedan 2.0 JTS 165KM 121kW 2001-2003,alfa romeo,156,https://www.autocentrum.pl/dane-techniczne/alfa-romeo/156/i/sedan/silnik-benzynowy-2.0-jts-165km-2001-2003/,4,5,"","",4430 mm,1745 mm,1415 mm,2595 mm,1511 mm,1498 mm,950 mm,885 mm,"","","","","","","","","","","","","","","","","","","","","","","","","","","","","","","","","","","",378 l,"","","","","","","","","","","","","","","","","",od 2001 do 2003 roku,1970 cm³,benzynowy,165 KM (121 kW) przy 6400 obr/min,206 Nm przy 3250 obr/min,"",DOHC,4,rzędowy,16,11.0 : 1,83 × 91 mm,"",bezpośredni,"z przodu, poprzecznie","","","",205/60 R15,215/45 R17,"","","",tarczowe wentylowane,tarczowe,"","","","","","",dwuwahaczowe,wielowahaczowe,"",automatyczna,5,na przednią oś,Selespeed,"",220 km/h,8.2 s,"","",8.6 l/100km,6.6 l/100km,12.2 l/100km,63 l,733 km,955 km,516 km,"","",1285 kg,1805 kg,"","","","","","","",""
Alfa Romeo 156 I Sedan 2.0 T.S. 150KM 110kW 2001-2002,alfa romeo,156,https://www.autocentrum.pl/dane-techniczne/alfa-romeo/156/i/sedan/silnik-benzynowy-2.0-t.s.-150km-2001-2002/,4,5,"","",4430 mm,1745 mm,1415 mm,2595 mm,1511 mm,1498 mm,950 mm,885 mm,"","","","","","","","","","","","","","","","","","","","","","","","","","","","","","","","","","","",378 l,"","","","","","","","","","","","","","","","","",od 2001 do 2002 roku,1970 cm³,benzynowy,150 KM (110 kW) przy 6300 obr/min,181 Nm przy 3800 obr/min,"",DOHC,4,rzędowy,16,10.0 : 1,83 × 91 mm,"",wielopunktowy (MPI),"z przodu, poprzecznie","","","",205/55 R15,"","","","",tarczowe wentylowane,tarczowe,"","","","","","",dwuwahaczowe,wielowahaczowe,"",automatyczna,5,na przednią oś,Selespeed,"",214 km/h,8.8 s,"","",8.7 l/100km,6.6 l/100km,12.3 l/100km,63 l,724 km,955 km,512 km,"","",1285 kg,1805 kg,"","","","","","","",""
Alfa Romeo 156 I Sedan 2.5 i V6 24V 190KM 140kW 1997-2001,alfa romeo,156,https://www.autocentrum.pl/dane-techniczne/alfa-romeo/156/i/sedan/silnik-benzynowy-2.5-i-v6-24v-190km-1997-2001/,4,5,"","",4430 mm,1745 mm,1415 mm,2595 mm,1511 mm,1498 mm,950 mm,885 mm,"","","","","","","","","","","","","","","","","","","","","","","","","","","","","","","","","","","",378 l,"","","","","","","","","","","","","","","","","",od 1997 do 2001 roku,2492 cm³,benzynowy,190 KM (140 kW) przy 6300 obr/min,222 Nm przy 5000 obr/min,"",DOHC,6,widlasty,24,10.0 : 1,88 × 68.3 mm,"",wielopunktowy (MPI),"z przodu, poprzecznie","","","",205/60 R15,205/55 R16; 215/35 R19; 215/40 R18; 215/45 R17; 225/45 R16,"","",5x98,tarczowe wentylowane,tarczowe,"","","","","","",dwuwahaczowe,wielowahaczowe,"",manualna,5,na przednią oś,"","",230 km/h,7.3 s,"",27.8 s,11.4 l/100km,8.4 l/100km,16.5 l/100km,63 l,553 km,750 km,382 km,"","",1320 kg,1820 kg,"","","","","","","",""
Alfa Romeo 156 I Sedan 2.5 i V6 24V 192KM 141kW 2001-2003,alfa romeo,156,https://www.autocentrum.pl/dane-techniczne/alfa-romeo/156/i/sedan/silnik-benzynowy-2.5-i-v6-24v-192km-2001-2003/,4,5,"","",4430 mm,1745 mm,1415 mm,2595 mm,1511 mm,1498 mm,950 mm,885 mm,"","","","","","","","","","","","","","","","","","","","","","","","","","","","","","","","","","","",378 l,"","","","","","","","","","","","","","","","","",od 2001 do 2003 roku,2492 cm³,benzynowy,192 KM (141 kW) przy 6300 obr/min,218 Nm przy 5000 obr/min,"",DOHC,6,widlasty,24,10.0 : 1,88 × 68.3 mm,"",wielopunktowy (MPI),"z przodu, poprzecznie","","","",205/60 R15,205/55 R16; 215/35 R19; 215/40 R18; 215/45 R17; 225/45 R16,"","",5x98,tarczowe wentylowane,tarczowe,"","","","","","",dwuwahaczowe,wielowahaczowe,"",manualna,6,na przednią oś,"","",230 km/h,7.3 s,"",27.8 s,11.8 l/100km,8.5 l/100km,17.5 l/100km,63 l,534 km,741 km,360 km,"","",1350 kg,1850 kg,"","","","","","","",""
Alfa Romeo 156 I Sedan 2.5 i V6 24V Q-System 192KM 141kW 2001-2003,alfa romeo,156,https://www.autocentrum.pl/dane-techniczne/alfa-romeo/156/i/sedan/silnik-benzynowy-2.5-i-v6-24v-q-system-192km-2001-2003/,4,5,"","",4430 mm,1745 mm,1415 mm,2595 mm,1511 mm,1498 mm,950 mm,885 mm,"","","","","","","","","","","","","","","","","","","","","","","","","","","","","","","","","","","",378 l,"","","","","","","","","","","","","","","","","",od 2001 do 2003 roku,2492 cm³,benzynowy,192 KM (141 kW) przy 6300 obr/min,218 Nm przy 5000 obr/min,"",DOHC,6,widlasty,24,10.0 : 1,88 × 68.3 mm,"",wielopunktowy (MPI),"z przodu, poprzecznie","","","",205/60 R15,205/55 R16; 215/35 R19; 215/40 R18; 215/45 R17; 225/45 R16,6.5J x 15,"",5x98,tarczowe wentylowane,tarczowe,"","","","","","",dwuwahaczowe,wielowahaczowe,"",automatyczna,"",na przednią oś,"","",227 km/h,8.5 s,"",29.0 s,11.9 l/100km,8.6 l/100km,17.5 l/100km,63 l,529 km,733 km,360 km,"","",1405 kg,1905 kg,"","","","","","","",4
Alfa Romeo 156 I Sedan 2.5 V6 24V Q-system 190KM 140kW 1997-2001,alfa romeo,156,https://www.autocentrum.pl/dane-techniczne/alfa-romeo/156/i/sedan/silnik-benzynowy-2.5-v6-24v-q-system-190km-1997-2001/,4,5,"","",4430 mm,1745 mm,1415 mm,2595 mm,1511 mm,1498 mm,950 mm,885 mm,"","","","","","","","","","","","","","","","","","","","","","","","","","","","","","","","","","","",378 l,"","","","","","","","","","","","","","","","","",od 1997 do 2001 roku,2492 cm³,benzynowy,190 KM (140 kW) przy 6300 obr/min,222 Nm przy 5000 obr/min,"",DOHC,6,widlasty,24,10.0 : 1,88 × 68.3 mm,"",wielopunktowy (MPI),"z przodu, poprzecznie","","","",205/60 R15,205/55 R16; 215/35 R19; 215/40 R18; 215/45 R17; 225/45 R16,"","",5x98,tarczowe wentylowane,tarczowe,"","","","","","",dwuwahaczowe,wielowahaczowe,"",automatyczna,"",na przednią oś,"","",227 km/h,8.5 s,"",29.0 s,11.9 l/100km,8.6 l/100km,17.5 l/100km,63 l,529 km,733 km,360 km,"","",1350 kg,1850 kg,"","","","","","","",""
Alfa Romeo 156 I Sedan 1.9 16V JTD 140KM 103kW 2000-2003,alfa romeo,156,https://www.autocentrum.pl/dane-techniczne/alfa-romeo/156/i/sedan/silnik-diesla-1.9-16v-jtd-140km-2000-2003/,4,5,"","",4430 mm,1745 mm,1415 mm,2595 mm,1511 mm,1498 mm,950 mm,885 mm,"","","","","","","","","","","","","","","","","","","","","","","","","","","","","","","","","","","",378 l,"","","","","","","","","","","","","","","","","",od 2000 do 2003 roku,1910 cm³,diesel,140 KM (103 kW) przy 4000 obr/min,305 Nm przy 2000 obr/min,turbosprężarkowe,DOHC,4,rzędowy,16,17.0 : 1,82 × 90.4 mm,"",bezpośredni Common Rail,"z przodu, poprzecznie","","","",205/55 R15,"","","","",tarczowe wentylowane,tarczowe,"","","","","","",dwuwahaczowe,wielowahaczowe,"",manualna,5,na przednią oś,"","",209 km/h,9.3 s,"",31.0 s,5.9 l/100km,4.7 l/100km,8.0 l/100km,63 l,1068 km,1340 km,788 km,"","",1305 kg,1805 kg,"","","","","","","",""
Alfa Romeo 156 I Sedan 1.9 JTD 105KM 77kW 1997-2000,alfa romeo,156,https://www.autocentrum.pl/dane-techniczne/alfa-romeo/156/i/sedan/silnik-diesla-1.9-jtd-105km-1997-2000/,4,5,"","",4430 mm,1745 mm,1415 mm,2595 mm,1511 mm,1498 mm,950 mm,885 mm,"","","","","","","","","","","","","","","","","","","","","","","","","","","","","","","","","","","",378 l,"","","","","","","","","","","","","","","","","",od 1997 do 2000 roku,1910 cm³,diesel,105 KM (77 kW) przy 4000 obr/min,255 Nm przy 2000 obr/min,turbosprężarkowe,SOHC (OHC),4,rzędowy,8,18.0 : 1,82 × 90.4 mm,"",bezpośredni Common Rail,"z przodu, poprzecznie","","","",185/65 R15,205/55 R16; 205/60 R15; 215/35 R19; 215/40 R18; 215/45 R17,"","",5x98,tarczowe wentylowane,tarczowe,"","","","","","",dwuwahaczowe,wielowahaczowe,"",manualna,5,na przednią oś,"","",188 km/h,10.5 s,"",32.8 s,5.8 l/100km,4.7 l/100km,7.8 l/100km,63 l,1086 km,1340 km,808 km,"","",1270 kg,1770 kg,"","","","","","","",""
Alfa Romeo 156 I Sedan 1.9 JTD 110KM 81kW 2002,alfa romeo,156,https://www.autocentrum.pl/dane-techniczne/alfa-romeo/156/i/sedan/silnik-diesla-1.9-jtd-110km-2002-2002/,4,5,"","",4430 mm,1745 mm,1415 mm,2595 mm,1511 mm,1498 mm,950 mm,885 mm,"","","","","","","","","","","","","","","","","","","","","","","","","","","","","","","","","","","",378 l,"","","","","","","","","","","","","","","","","",w 2002 roku,1910 cm³,diesel,110 KM (81 kW) przy 4000 obr/min,200 Nm przy 1500 obr/min,turbosprężarkowe,SOHC (OHC),4,rzędowy,8,18.0 : 1,82 × 90.4 mm,"",bezpośredni Common Rail,"z przodu, poprzecznie","","","",195/65 R15,"","","","",tarczowe,tarczowe,"","","","","","",dwuwahaczowe,wielowahaczowe,"",manualna,5,na przednią oś,"","",191 km/h,10.3 s,"","",5.8 l/100km,4.7 l/100km,7.8 l/100km,63 l,1086 km,1340 km,808 km,"","",1305 kg,1805 kg,"","","","","","","",""
Alfa Romeo 156 I Sedan 1.9 JTD 115KM 85kW 2001-2003,alfa romeo,156,https://www.autocentrum.pl/dane-techniczne/alfa-romeo/156/i/sedan/silnik-diesla-1.9-jtd-115km-2001-2003/,4,5,"","",4430 mm,1745 mm,1415 mm,2595 mm,1511 mm,1498 mm,950 mm,885 mm,"","","","","","","","","","","","","","","","","","","","","","","","","","","","","","","","","","","",378 l,"","","","","","","","","","","","","","","","","",od 2001 do 2003 roku,1910 cm³,diesel,115 KM (85 kW) przy 4000 obr/min,275 Nm przy 2000 obr/min,turbosprężarkowe,SOHC (OHC),4,rzędowy,8,19.0 : 1,82 × 90.4 mm,"",bezpośredni Common Rail,"z przodu, poprzecznie","","","",185/65 R15,"","","","",tarczowe wentylowane,tarczowe,"","","","","","",dwuwahaczowe,wielowahaczowe,"",manualna,5,na przednią oś,"","",191 km/h,10.3 s,"",32.6 s,5.8 l/100km,4.7 l/100km,7.8 l/100km,63 l,1086 km,1340 km,808 km,"","",1305 kg,1805 kg,"","","","","","","",""
Alfa Romeo 156 I Sedan 2.4 JTD 136KM 100kW 1997-2000,alfa romeo,156,https://www.autocentrum.pl/dane-techniczne/alfa-romeo/156/i/sedan/silnik-diesla-2.4-jtd-136km-1997-2000/,4,5,"","",4430 mm,1745 mm,1415 mm,2595 mm,1511 mm,1498 mm,950 mm,885 mm,"","","","","","","","","","","","","","","","","","","","","","","","","","","","","","","","","","","",378 l,"","","","","","","","","","","","","","","","","",od 1997 do 2000 roku,2387 cm³,diesel,136 KM (100 kW) przy 4200 obr/min,304 Nm przy 2000 obr/min,turbosprężarkowe,SOHC (OHC),5,rzędowy,10,18.0 : 1,82 × 90.4 mm,"",bezpośredni Common Rail,"z przodu, poprzecznie","","","",185/65 R15,205/55 R16; 205/60 R15; 215/35 R19; 215/40 R18; 215/45 R17,"","",5x98,tarczowe wentylowane,tarczowe,"","","","","","",dwuwahaczowe,wielowahaczowe,"",manualna,5,na przednią oś,"","",203 km/h,9.5 s,"",30.7 s,6.7 l/100km,5.4 l/100km,8.9 l/100km,63 l,940 km,1167 km,708 km,"","",1350 kg,1850 kg,"","","","","","","",""
Alfa Romeo 156 I Sedan 2.4 JTD 140KM 103kW 2000-2001,alfa romeo,156,https://www.autocentrum.pl/dane-techniczne/alfa-romeo/156/i/sedan/silnik-diesla-2.4-jtd-140km-2000-2001/,4,5,"","",4430 mm,1745 mm,1415 mm,2595 mm,1511 mm,1498 mm,950 mm,885 mm,"","","","","","","","","","","","","","","","","","","","","","","","","","","","","","","","","","","",378 l,"","","","","","","","","","","","","","","","","",od 2000 do 2001 roku,2387 cm³,diesel,140 KM (103 kW) przy 4000 obr/min,304 Nm przy 2000 obr/min,"",SOHC (OHC),5,rzędowy,10,18.0 : 1,82 × 90.4 mm,"",bezpośredni Common Rail,"z przodu, poprzecznie","","","",205/55 R15,"","","","",tarczowe wentylowane,tarczowe,"","","","","","",dwuwahaczowe,wielowahaczowe,"",manualna,5,na przednią oś,"","",205 km/h,9.4 s,"","",6.7 l/100km,5.4 l/100km,8.9 l/100km,63 l,940 km,1167 km,708 km,"","",1385 kg,1885 kg,"","","","","","","",""
Alfa Romeo 156 I Sedan 2.4 JTD 150KM 110kW 2002-2003,alfa romeo,156,https://www.autocentrum.pl/dane-techniczne/alfa-romeo/156/i/sedan/silnik-diesla-2.4-jtd-150km-2002-2003/,4,5,"","",4430 mm,1745 mm,1415 mm,2595 mm,1511 mm,1498 mm,950 mm,885 mm,"","","","","","","","","","","","","","","","","","","","","","","","","","","","","","","","","","","",378 l,"","","","","","","","","","","","","","","","","",od 2002 do 2003 roku,2387 cm³,diesel,150 KM (110 kW) przy 4000 obr/min,305 Nm przy 1800 obr/min,turbosprężarkowe,SOHC (OHC),5,rzędowy,10,19.0 : 1,82 × 90.4 mm,"",bezpośredni Common Rail,"z przodu, poprzecznie","","","",205/60 R15,"","","","",tarczowe wentylowane,tarczowe,"","","","","","",dwuwahaczowe,wielowahaczowe,"",manualna,5,na przednią oś,"","",212 km/h,9.4 s,"",30.5 s,6.6 l/100km,5.3 l/100km,8.8 l/100km,63 l,955 km,1189 km,716 km,"","",1385 kg,1885 kg,"","","","","","","",""
Alfa Romeo 156 II Crosswagon Q4 1.9 16V JTD M-Jet 150KM 110kW 2004-2006,alfa romeo,156,https://www.autocentrum.pl/dane-techniczne/alfa-romeo/156/ii/crosswagon-q4/silnik-diesla-1.9-16v-jtd-m-jet-150km-2004-2006/,5,5,"","",4441 mm,1765 mm,1497 mm,2595 mm,1529 mm,1504 mm,952 mm,894 mm,200 mm,"","","","","","","","","","","","","","","","","","","","","","","","","","","","","","","","","","",360 l,1180 l,"","","","","","","","","","","","","","","","",od 2004 do 2006 roku,1910 cm³,diesel,150 KM (110 kW) przy 4000 obr/min,305 Nm przy 2000 obr/min,turbosprężarkowe,DOHC,4,rzędowy,16,18.0 : 1,82 × 90.4 mm,"",bezpośredni Common Rail,"z przodu, poprzecznie","","","",205/55 R15,225/55 R17,"","","",tarczowe wentylowane,tarczowe,"","","","","","",dwuwahaczowe,wielowahaczowe,"",manualna,6,4x4,"","",192 km/h,10.5 s,"","",7.1 l/100km,5.8 l/100km,9.3 l/100km,50 l,704 km,862 km,538 km,"","",1530 kg,2025 kg,"","","","","","","",""
Alfa Romeo 156 II GTA Kombi 3.2 i V6 24V 250KM 184kW 2003-2005,alfa romeo,156,https://www.autocentrum.pl/dane-techniczne/alfa-romeo/156/ii/gta-kombi/silnik-benzynowy-3.2-i-v6-24v-250km-2003-2005/,5,5,"","",4430 mm,1765 mm,"",2595 mm,1522 mm,1509 mm,950 mm,885 mm,"","","","","","",1411 mm,"","","","","","","","","","","","","","","","","","","","","","","","","","","","","","","","","","","","","","","","","","","","","","",od 2003 do 2005 roku,3179 cm³,benzynowy,250 KM (184 kW) przy 6200 obr/min,300 Nm przy 4800 obr/min,"",DOHC,6,widlasty,24,11.0 : 1,93 × 78 mm,"",wielopunktowy (MPI),"z przodu, poprzecznie","","","",225/45 R17,"","","","",tarczowe wentylowane,tarczowe,305 mm,276 mm,"","","","",dwuwahaczowe,wielowahaczowe,"",manualna,6,na przednią oś,"","",250 km/h,6.3 s,"",25.9 s,12.1 l/100km,8.6 l/100km,18.1 l/100km,"","","","",287 g/km,"",1485 kg,"","","","","","","","",""
Alfa Romeo 156 II Kombi 1.6 i 16V T.Spark 120KM 88kW 2003-2006,alfa romeo,156,https://www.autocentrum.pl/dane-techniczne/alfa-romeo/156/ii/kombi/silnik-benzynowy-1.6-i-16v-t.spark-120km-2003-2006/,5,5,11.0 m,5.5 m,4441 mm,1743 mm,1430 mm,2595 mm,1511 mm,1498 mm,952 mm,894 mm,"","","","","","","","","","","","","","","","","","","","","","","","","","","","","","","","","","","",360 l,1180 l,"","","","","","","","","","","","","","","","",od 2003 do 2006 roku,1598 cm³,benzynowy,120 KM (88 kW) przy 6200 obr/min,146 Nm przy 4500 obr/min,"",DOHC,4,rzędowy,16,10.0 : 1,82 × 75.6 mm,"",wielopunktowy (MPI),"z przodu, poprzecznie","","","",185/65 R15,"",6J x 15,"","",tarczowe wentylowane,tarczowe,"","","","","","",dwuwahaczowe,wielowahaczowe,"",manualna,5,na przednią oś,"","",200 km/h,11.6 s,"","",8.3 l/100km,6.5 l/100km,11.5 l/100km,63 l,759 km,969 km,548 km,198 g/km,"",1315 kg,1795 kg,"","","","","","","",""
Alfa Romeo 156 II Kombi 1.8 i 16V T.Spark 140KM 103kW 2003-2006,alfa romeo,156,https://www.autocentrum.pl/dane-techniczne/alfa-romeo/156/ii/kombi/silnik-benzynowy-1.8-i-16v-t.spark-140km-2003-2006/,5,5,11.0 m,5.5 m,4441 mm,1743 mm,1430 mm,2595 mm,1511 mm,1498 mm,952 mm,894 mm,"","","","","","","","","","","","","","","","","","","","","","","","","","","","","","","","","","","",360 l,1180 l,"","","","","","","","","","","","","","","","",od 2003 do 2006 roku,1747 cm³,benzynowy,140 KM (103 kW) przy 6500 obr/min,163 Nm przy 3500 obr/min,"",DOHC,4,rzędowy,16,10.0 : 1,82 × 82.7 mm,"",wielopunktowy (MPI),"z przodu, poprzecznie","","","",185/65 R15,"",6J x 15,"","",tarczowe wentylowane,tarczowe,"","","","","","",dwuwahaczowe,wielowahaczowe,"",manualna,5,na przednią oś,"","",208 km/h,9.7 s,"","",8.0 l/100km,6.0 l/100km,12.2 l/100km,63 l,788 km,1050 km,516 km,"","",1315 kg,1800 kg,"","","","","","","",""
Alfa Romeo 156 II Kombi 2.0 i 16V 150KM 110kW 2003-2006,alfa romeo,156,https://www.autocentrum.pl/dane-techniczne/alfa-romeo/156/ii/kombi/silnik-benzynowy-2.0-i-16v-150km-2003-2006/,5,5,11.0 m,5.5 m,4441 mm,1743 mm,1430 mm,2595 mm,1511 mm,1498 mm,952 mm,894 mm,"","","","","","","","","","","","","","","","","","","","","","","","","","","","","","","","","","","",360 l,1180 l,"","","","","","","","","","","","","","","","",od 2003 do 2006 roku,1970 cm³,benzynowy,150 KM (110 kW) przy 6300 obr/min,181 Nm przy 3800 obr/min,"",DOHC,4,rzędowy,16,10.0 : 1,83 × 91 mm,"",wielopunktowy (MPI),"z przodu, poprzecznie","","","",195/65 R15,"","","","",tarczowe wentylowane,tarczowe,"","","","","","",dwuwahaczowe,wielowahaczowe,"",automatyczna,"",na przednią oś,Selespeed,"",214 km/h,9.0 s,"","",9.0 l/100km,6.9 l/100km,12.6 l/100km,63 l,700 km,913 km,500 km,"","",1335 kg,1850 kg,"","","","","","","",""
Alfa Romeo 156 II Kombi 2.0 i 16V JTS 165KM 121kW 2003-2006,alfa romeo,156,https://www.autocentrum.pl/dane-techniczne/alfa-romeo/156/ii/kombi/silnik-benzynowy-2.0-i-16v-jts-165km-2003-2006/,5,5,11.0 m,5.5 m,4441 mm,1743 mm,1430 mm,2595 mm,1511 mm,1498 mm,952 mm,894 mm,"","","","","","","","","","","","","","","","","","","","","","","","","","","","","","","","","","","",360 l,1180 l,"","","","","","","","","","","","","","","","",od 2003 do 2006 roku,1970 cm³,benzynowy,165 KM (121 kW) przy 6400 obr/min,206 Nm przy 3250 obr/min,"",DOHC,4,rzędowy,16,11.0 : 1,83 × 91 mm,"",bezpośredni,"z przodu, poprzecznie","","","",205/60 R15,"",6.5J x 15,"","",tarczowe wentylowane,tarczowe,"","","","","","",dwuwahaczowe,wielowahaczowe,"",automatyczna,5,na przednią oś,Selespeed,"",220 km/h,8.5 s,"","",9.0 l/100km,6.8 l/100km,12.5 l/100km,63 l,700 km,926 km,504 km,"","",1335 kg,1850 kg,"","","","","","","",""
Alfa Romeo 156 II Kombi 2.5 i V6 24V 192KM 141kW 2003-2007,alfa romeo,156,https://www.autocentrum.pl/dane-techniczne/alfa-romeo/156/ii/kombi/silnik-benzynowy-2.5-i-v6-24v-192km-2003-2007/,5,5,11.0 m,5.5 m,4441 mm,1743 mm,1430 mm,2595 mm,1511 mm,1498 mm,952 mm,894 mm,"","","","","","","","","","","","","","","","","","","","","","","","","","","","","","","","","","","",360 l,1180 l,"","","","","","","","","","","","","","","","",od 2003 do 2007 roku,2492 cm³,benzynowy,192 KM (141 kW) przy 6300 obr/min,218 Nm przy 5000 obr/min,"",DOHC,6,widlasty,24,10.0 : 1,88 × 68.3 mm,"",wielopunktowy (MPI),"z przodu, poprzecznie","","","",205/60 R15,"",6.5J x 15,"","",tarczowe wentylowane,tarczowe,"","","","","","",dwuwahaczowe,wielowahaczowe,"",manualna,6,na przednią oś,"","",220 km/h,7.4 s,"",27.9 s,11.8 l/100km,8.6 l/100km,17.5 l/100km,63 l,534 km,733 km,360 km,"","",1405 kg,1865 kg,"","","","","","","",""
Alfa Romeo 156 II Kombi 2.5 i V6 24V Q-System 192KM 141kW 2003-2007,alfa romeo,156,https://www.autocentrum.pl/dane-techniczne/alfa-romeo/156/ii/kombi/silnik-benzynowy-2.5-i-v6-24v-q-system-192km-2003-2007/,5,5,11.0 m,5.5 m,4441 mm,1743 mm,1430 mm,2595 mm,1511 mm,1498 mm,952 mm,894 mm,"","","","","","","","","","","","","","","","","","","","","","","","","","","","","","","","","","","",360 l,1180 l,"","","","","","","","","","","","","","","","",od 2003 do 2007 roku,2492 cm³,benzynowy,192 KM (141 kW) przy 6300 obr/min,218 Nm przy 5000 obr/min,"",DOHC,6,widlasty,24,10.0 : 1,88 × 68.3 mm,"",wielopunktowy (MPI),"z przodu, poprzecznie","","","",205/60 R15,"",6.5J x 15,"","",tarczowe wentylowane,tarczowe,"","","","","","",dwuwahaczowe,wielowahaczowe,"",automatyczna,"",na przednią oś,"","",227 km/h,8.5 s,"",29.2 s,12.2 l/100km,8.8 l/100km,18.1 l/100km,63 l,516 km,716 km,348 km,"","",1435 kg,1950 kg,"","","","","","","",""
Alfa Romeo 156 II Kombi 1.9 16V JTD 140KM 103kW 2003-2006,alfa romeo,156,https://www.autocentrum.pl/dane-techniczne/alfa-romeo/156/ii/kombi/silnik-diesla-1.9-16v-jtd-140km-2003-2006/,5,5,11.0 m,5.5 m,4441 mm,1743 mm,1430 mm,2595 mm,1511 mm,1498 mm,952 mm,894 mm,"","","","","","","","","","","","","","","","","","","","","","","","","","","","","","","","","","","",360 l,1180 l,"","","","","","","","","","","","","","","","",od 2003 do 2006 roku,1910 cm³,diesel,140 KM (103 kW) przy 4000 obr/min,305 Nm przy 2000 obr/min,turbosprężarkowe,DOHC,4,rzędowy,16,18.0 : 1,82 × 90.4 mm,samoczynny,bezpośredni Common Rail,"z przodu, poprzecznie","","","",185/65 R15,"",6J x 15,"","",tarczowe wentylowane,tarczowe,"","","","","","",dwuwahaczowe,wielowahaczowe,"",manualna,6,na przednią oś,"","",209 km/h,9.7 s,"",31.3 s,6.1 l/100km,4.8 l/100km,8.2 l/100km,63 l,1033 km,1312 km,768 km,"","",1310 kg,1820 kg,"","","","","","","",""
Alfa Romeo 156 II Kombi 1.9 JTD 115KM 85kW 2003-2006,alfa romeo,156,https://www.autocentrum.pl/dane-techniczne/alfa-romeo/156/ii/kombi/silnik-diesla-1.9-jtd-115km-2003-2006/,5,5,11.0 m,5.5 m,4441 mm,1743 mm,1430 mm,2595 mm,1511 mm,1498 mm,952 mm,894 mm,"","","","","","","","","","","","","","","","","","","","","","","","","","","","","","","","","","","",360 l,1180 l,"","","","","","","","","","","","","","","","",od 2003 do 2006 roku,1910 cm³,diesel,115 KM (85 kW) przy 4000 obr/min,275 Nm przy 2000 obr/min,turbosprężarkowe,SOHC (OHC),4,rzędowy,8,19.0 : 1,82 × 90.4 mm,"",bezpośredni Common Rail,"z przodu, poprzecznie","","","",185/65 R15,215/45 R17,6J x 15,"","",tarczowe wentylowane,tarczowe,"","","","","","",dwuwahaczowe,wielowahaczowe,"",manualna,5,na przednią oś,"","",191 km/h,10.7 s,"",32.9 s,6.0 l/100km,4.9 l/100km,7.9 l/100km,63 l,1050 km,1286 km,797 km,"","",1355 kg,1850 kg,"","","","","","","",""
Alfa Romeo 156 II Kombi 1.9 JTD 150KM 110kW 2003-2006,alfa romeo,156,https://www.autocentrum.pl/dane-techniczne/alfa-romeo/156/ii/kombi/silnik-diesla-1.9-jtd-150km-2003-2006/,5,5,11.0 m,5.5 m,4441 mm,1743 mm,1430 mm,2595 mm,1511 mm,1498 mm,952 mm,894 mm,"","","","","","","","","","","","","","","","","","","","","","","","","","","","","","","","","","","",360 l,1180 l,"","","","","","","","","","","","","","","","",od 2003 do 2006 roku,1910 cm³,diesel,150 KM (110 kW) przy 4000 obr/min,305 Nm przy 2000 obr/min,turbosprężarkowe,DOHC,4,rzędowy,16,18.0 : 1,82 × 90.4 mm,"",bezpośredni Common Rail,"z przodu, poprzecznie","","","",205/55 R15,"","","","",tarczowe wentylowane,tarczowe,"","","","","","",dwuwahaczowe,wielowahaczowe,"",manualna,6,4x4,"","",200 km/h,10.2 s,"","",6.8 l/100km,5.6 l/100km,8.9 l/100km,63 l,926 km,1125 km,708 km,161 g/km,"",1510 kg,2170 kg,"","","","","","","",""
Alfa Romeo 156 II Kombi 2.4 JTD 150KM 110kW 2003-2006,alfa romeo,156,https://www.autocentrum.pl/dane-techniczne/alfa-romeo/156/ii/kombi/silnik-diesla-2.4-jtd-150km-2003-2006/,5,5,11.0 m,5.5 m,4441 mm,1743 mm,1430 mm,2595 mm,1511 mm,1498 mm,952 mm,894 mm,"","","","","","","","","","","","","","","","","","","","","","","","","","","","","","","","","","","",360 l,1180 l,"","","","","","","","","","","","","","","","",od 2003 do 2006 roku,2387 cm³,diesel,150 KM (110 kW) przy 4000 obr/min,305 Nm przy 1800 obr/min,turbosprężarkowe,SOHC (OHC),5,rzędowy,10,18.0 : 1,82 × 90.4 mm,"",bezpośredni Common Rail,"z przodu, poprzecznie","","","",205/55 R15,"","","","",tarczowe wentylowane,tarczowe,"","","","","","",dwuwahaczowe,wielowahaczowe,"",manualna,5,na przednią oś,"","",212 km/h,9.4 s,"",30.5 s,6.7 l/100km,5.5 l/100km,8.9 l/100km,63 l,940 km,1145 km,708 km,"","",1435 kg,1930 kg,"","","","","","","",""
Alfa Romeo 156 II Kombi 2.4 JTD 175KM 129kW 2003-2006,alfa romeo,156,https://www.autocentrum.pl/dane-techniczne/alfa-romeo/156/ii/kombi/silnik-diesla-2.4-jtd-175km-2003-2006/,5,5,11.0 m,5.5 m,4441 mm,1743 mm,1430 mm,2595 mm,1511 mm,1498 mm,952 mm,894 mm,"","","","","","","","","","","","","","","","","","","","","","","","","","","","","","","","","","","",360 l,1180 l,"","","","","","","","","","","","","","","","",od 2003 do 2006 roku,2387 cm³,diesel,175 KM (129 kW) przy 4000 obr/min,385 Nm przy 1800 obr/min,turbosprężarkowe,DOHC,5,rzędowy,20,18.0 : 1,82 × 90.4 mm,"",bezpośredni Common Rail,"z przodu, poprzecznie","","","",205/60 R15,215/45 R17,6.5J x 15,"7,50Jx17","",tarczowe wentylowane,tarczowe,"","","","","","",dwuwahaczowe,wielowahaczowe,"",manualna,6,na przednią oś,"","",225 km/h,8.6 s,"",29.4 s,6.7 l/100km,5.5 l/100km,8.9 l/100km,63 l,940 km,1145 km,708 km,"","",1435 kg,1930 kg,"","","","","","","",""
Alfa Romeo 156 II Sedan 1.6 i 16V T.Spark 120KM 88kW 2003-2006,alfa romeo,156,https://www.autocentrum.pl/dane-techniczne/alfa-romeo/156/ii/sedan/silnik-benzynowy-1.6-i-16v-t.spark-120km-2003-2006/,4,5,"","",4435 mm,1743 mm,1430 mm,2595 mm,1511 mm,1498 mm,952 mm,888 mm,"","","","","","","","","","","","","","","","","","","","","","","","","","","","","","","","","","","",378 l,"","","","","","","","","","","","","","","","","",od 2003 do 2006 roku,1598 cm³,benzynowy,120 KM (88 kW) przy 6200 obr/min,146 Nm przy 4500 obr/min,"",DOHC,4,rzędowy,16,10.0 : 1,82 × 75.6 mm,"",wielopunktowy (MPI),"z przodu, poprzecznie","","","",185/65 R15,"",6J x 15,"","",tarczowe wentylowane,tarczowe,"","","","","","",dwuwahaczowe,wielowahaczowe,"",manualna,5,na przednią oś,"","",200 km/h,10.5 s,"","",8.2 l/100km,6.4 l/100km,11.4 l/100km,63 l,768 km,984 km,553 km,195 g/km,"",1265 kg,1750 kg,"","","","","","","",""
Alfa Romeo 156 II Sedan 1.8 i 16V T.Spark 140KM 103kW 2003-2006,alfa romeo,156,https://www.autocentrum.pl/dane-techniczne/alfa-romeo/156/ii/sedan/silnik-benzynowy-1.8-i-16v-t.spark-140km-2003-2006/,4,5,"","",4435 mm,1743 mm,1430 mm,2595 mm,1511 mm,1498 mm,952 mm,888 mm,"","","","","","","","","","","","","","","","","","","","","","","","","","","","","","","","","","","",378 l,"","","","","","","","","","","","","","","","","",od 2003 do 2006 roku,1747 cm³,benzynowy,140 KM (103 kW) przy 6500 obr/min,163 Nm przy 3500 obr/min,"",DOHC,4,rzędowy,16,10.0 : 1,82 × 82.7 mm,"",wielopunktowy (MPI),"z przodu, poprzecznie","","","",185/65 R15,"",6J x 15,"","",tarczowe wentylowane,tarczowe,"","","","","","",dwuwahaczowe,wielowahaczowe,"",manualna,5,na przednią oś,"","",208 km/h,9.4 s,"","",8.0 l/100km,6.4 l/100km,12.1 l/100km,63 l,788 km,984 km,521 km,"","",1265 kg,"","","","","","","","",""
Alfa Romeo 156 II Sedan 2.0 i 16V 150KM 110kW 2003-2007,alfa romeo,156,https://www.autocentrum.pl/dane-techniczne/alfa-romeo/156/ii/sedan/silnik-benzynowy-2.0-i-16v-150km-2003-2007/,4,5,"","",4435 mm,1743 mm,1430 mm,2595 mm,1511 mm,1498 mm,952 mm,888 mm,"","","","","","","","","","","","","","","","","","","","","","","","","","","","","","","","","","","",378 l,"","","","","","","","","","","","","","","","","",od 2003 do 2007 roku,1970 cm³,benzynowy,150 KM (110 kW) przy 6300 obr/min,181 Nm przy 3800 obr/min,"",DOHC,4,rzędowy,16,10.0 : 1,83 × 91 mm,"",wielopunktowy (MPI),"z przodu, poprzecznie","","","",195/65 R15,"","","","",tarczowe wentylowane,tarczowe,"","","","","","",dwuwahaczowe,wielowahaczowe,"",automatyczna,5,na przednią oś,Selespeed,"",214 km/h,9.7 s,"","",9.0 l/100km,7.0 l/100km,12.6 l/100km,63 l,700 km,900 km,500 km,"","",1285 kg,1805 kg,"","","","","","","",5
Alfa Romeo 156 II Sedan 2.0 i 16V JTS 165KM 121kW 2003-2006,alfa romeo,156,https://www.autocentrum.pl/dane-techniczne/alfa-romeo/156/ii/sedan/silnik-benzynowy-2.0-i-16v-jts-165km-2003-2006/,4,5,"","",4435 mm,1743 mm,1430 mm,2595 mm,1511 mm,1498 mm,952 mm,888 mm,"","","","","","","","","","","","","","","","","","","","","","","","","","","","","","","","","","","",378 l,"","","","","","","","","","","","","","","","","",od 2003 do 2006 roku,1970 cm³,benzynowy,165 KM (121 kW) przy 6400 obr/min,206 Nm przy 3250 obr/min,"",DOHC,4,rzędowy,16,11.0 : 1,83 × 91 mm,"",bezpośredni,"z przodu, poprzecznie","","","",205/60 R15,215/45 R17,6.5J x 15,"","",tarczowe wentylowane,tarczowe,"","","","","","",dwuwahaczowe,wielowahaczowe,"",automatyczna,5,na przednią oś,Selespeed,"",220 km/h,8.2 s,"","",8.6 l/100km,6.6 l/100km,12.2 l/100km,63 l,733 km,955 km,516 km,205 g/km,Euro 3,1285 kg,1805 kg,"","","","","","","",""
Alfa Romeo 156 II Sedan 2.5 i V6 24V 192KM 141kW 2003-2006,alfa romeo,156,https://www.autocentrum.pl/dane-techniczne/alfa-romeo/156/ii/sedan/silnik-benzynowy-2.5-i-v6-24v-192km-2003-2006/,4,5,"","",4435 mm,1743 mm,1430 mm,2595 mm,1511 mm,1498 mm,952 mm,888 mm,"","","","","","","","","","","","","","","","","","","","","","","","","","","","","","","","","","","",378 l,"","","","","","","","","","","","","","","","","",od 2003 do 2006 roku,2492 cm³,benzynowy,192 KM (141 kW) przy 6300 obr/min,218 Nm przy 5000 obr/min,"",DOHC,6,widlasty,24,10.0 : 1,88 × 68.3 mm,"",wielopunktowy (MPI),"z przodu, poprzecznie","","","",205/60 R15,"",6.5J x 15,"","",tarczowe wentylowane,tarczowe,"","","","","","",dwuwahaczowe,wielowahaczowe,"",manualna,6,na przednią oś,"","",230 km/h,7.3 s,"",27.8 s,11.8 l/100km,8.5 l/100km,17.5 l/100km,63 l,534 km,741 km,360 km,"","",1355 kg,1820 kg,"","","","","","","",""
Alfa Romeo 156 II Sedan 2.5 i V6 24V Q-System 192KM 141kW 2003-2006,alfa romeo,156,https://www.autocentrum.pl/dane-techniczne/alfa-romeo/156/ii/sedan/silnik-benzynowy-2.5-i-v6-24v-q-system-192km-2003-2006/,4,5,"","",4435 mm,1743 mm,1430 mm,2595 mm,1511 mm,1498 mm,952 mm,888 mm,"","","","","","","","","","","","","","","","","","","","","","","","","","","","","","","","","","","",378 l,"","","","","","","","","","","","","","","","","",od 2003 do 2006 roku,2492 cm³,benzynowy,192 KM (141 kW) przy 6300 obr/min,218 Nm przy 5000 obr/min,"","",6,widlasty,24,10.0 : 1,88 × 68.3 mm,"",wielopunktowy (MPI),"z przodu, poprzecznie","","","",205/60 R15,"",6.5J x 15,"","",tarczowe wentylowane,tarczowe,"","","","","","",dwuwahaczowe,wielowahaczowe,"",automatyczna,"",na przednią oś,"","",227 km/h,8.5 s,"",29.0 s,11.9 l/100km,8.6 l/100km,17.5 l/100km,63 l,529 km,733 km,360 km,"","",1405 kg,1850 kg,"","","","","","","",""
Alfa Romeo 156 II Sedan 1.9 16V JTD 140KM 103kW 2003-2006,alfa romeo,156,https://www.autocentrum.pl/dane-techniczne/alfa-romeo/156/ii/sedan/silnik-diesla-1.9-16v-jtd-140km-2003-2006/,4,5,"","",4435 mm,1743 mm,1430 mm,2595 mm,1511 mm,1498 mm,952 mm,888 mm,"","","","","","","","","","","","","","","","","","","","","","","","","","","","","","","","","","","",378 l,"","","","","","","","","","","","","","","","","",od 2003 do 2006 roku,1910 cm³,diesel,140 KM (103 kW) przy 4000 obr/min,305 Nm przy 2000 obr/min,turbosprężarkowe,DOHC,4,rzędowy,16,18.0 : 1,82 × 90.4 mm,"",bezpośredni Common Rail,"z przodu, poprzecznie","","","",185/65 R15,205/55 R16,6J x 15,"","",tarczowe wentylowane,tarczowe,"","","","","","",dwuwahaczowe,wielowahaczowe,"",manualna,6,na przednią oś,"","",209 km/h,9.3 s,"",31.0 s,5.9 l/100km,4.7 l/100km,8.0 l/100km,63 l,1068 km,1340 km,788 km,157 g/km,Euro 3,1305 kg,1805 kg,"","","","","","","",""
Alfa Romeo 156 II Sedan 1.9 JTD 115KM 85kW 2003-2005,alfa romeo,156,https://www.autocentrum.pl/dane-techniczne/alfa-romeo/156/ii/sedan/silnik-diesla-1.9-jtd-115km-2003-2005/,4,5,"","",4435 mm,1743 mm,1430 mm,2595 mm,1511 mm,1498 mm,952 mm,888 mm,"","","","","","","","","","","","","","","","","","","","","","","","","","","","","","","","","","","",378 l,"","","","","","","","","","","","","","","","","",od 2003 do 2005 roku,1910 cm³,diesel,115 KM (85 kW) przy 4000 obr/min,275 Nm przy 2000 obr/min,turbosprężarkowe,SOHC (OHC),4,rzędowy,8,19.0 : 1,82 × 90.4 mm,"",bezpośredni Common Rail,"z przodu, poprzecznie","","","",185/65 R15,"",6J x 15,"","",tarczowe wentylowane,tarczowe,"","","","","","",dwuwahaczowe,wielowahaczowe,"",manualna,5,na przednią oś,"","",195 km/h,10.3 s,"",32.6 s,5.8 l/100km,4.7 l/100km,7.8 l/100km,63 l,1086 km,1340 km,808 km,"","",1305 kg,1805 kg,"","","","","","","",""
Alfa Romeo 156 II Sedan 1.9 JTD 150KM 110kW 2003-2006,alfa romeo,156,https://www.autocentrum.pl/dane-techniczne/alfa-romeo/156/ii/sedan/silnik-diesla-1.9-jtd-150km-2003-2006/,4,5,"","",4435 mm,1743 mm,1430 mm,2595 mm,1511 mm,1498 mm,952 mm,888 mm,"","","","","","","","","","","","","","","","","","","","","","","","","","","","","","","","","","","",378 l,"","","","","","","","","","","","","","","","","",od 2003 do 2006 roku,1910 cm³,diesel,150 KM (110 kW) przy 4000 obr/min,305 Nm przy 2000 obr/min,turbosprężarkowe,DOHC,4,rzędowy,16,18.0 : 1,8.9,"",bezpośredni Common Rail,"z przodu, poprzecznie","","","","","","","","","","","","","","","","","","","","","","","","","","","","","","","","","","","","","","","","","","","","","","",""
Alfa Romeo 156 II Sedan 2.4 JTD 150KM 110kW 2003-2006,alfa romeo,156,https://www.autocentrum.pl/dane-techniczne/alfa-romeo/156/ii/sedan/silnik-diesla-2.4-jtd-150km-2003-2006/,4,5,"","",4435 mm,1743 mm,1430 mm,2595 mm,1511 mm,1498 mm,952 mm,888 mm,"","","","","","","","","","","","","","","","","","","","","","","","","","","","","","","","","","","",378 l,"","","","","","","","","","","","","","","","","",od 2003 do 2006 roku,2387 cm³,diesel,150 KM (110 kW) przy 4000 obr/min,305 Nm przy 1800 obr/min,turbosprężarkowe,SOHC (OHC),5,rzędowy,10,18.0 : 1,82 × 90.4 mm,"","wielopunktowy (MPI), sterowanie sekwencyjne","z przodu, poprzecznie","","","",205/55 R15,"","","","",tarczowe wentylowane,tarczowe,"","","","","","",dwuwahaczowe,wielowahaczowe,"",manualna,5,na przednią oś,"","",212 km/h,9.4 s,"",30.5 s,6.6 l/100km,5.3 l/100km,8.8 l/100km,63 l,955 km,1189 km,716 km,"","",1385 kg,1885 kg,"","","","","","","",""
Alfa Romeo 156 II Sedan 2.4 JTD 175KM 129kW 2003-2006,alfa romeo,156,https://www.autocentrum.pl/dane-techniczne/alfa-romeo/156/ii/sedan/silnik-diesla-2.4-jtd-175km-2003-2006/,4,5,"","",4435 mm,1743 mm,1430 mm,2595 mm,1511 mm,1498 mm,952 mm,888 mm,"","","","","","","","","","","","","","","","","","","","","","","","","","","","","","","","","","","",378 l,"","","","","","","","","","","","","","","","","",od 2003 do 2006 roku,2387 cm³,diesel,175 KM (129 kW) przy 4000 obr/min,385 Nm przy 2000 obr/min,turbosprężarkowe,DOHC,5,rzędowy,20,18.0 : 1,82 × 90.4 mm,"","","z przodu, poprzecznie","","","",205/60 R15,205/55 R16,"","","",tarczowe wentylowane,tarczowe,"","","","","","",dwuwahaczowe,wielowahaczowe,"",manualna,6,na przednią oś,"","",225 km/h,8.3 s,15.2 s,29.1 s,6.6 l/100km,5.3 l/100km,8.8 l/100km,63 l,955 km,1189 km,716 km,"","",1385 kg,1885 kg,"","","","","","","",""
Alfa Romeo 159 Sedan 1.8 MPI 16v 140KM 103kW 2005-2010,alfa romeo,159,https://www.autocentrum.pl/dane-techniczne/alfa-romeo/159/sedan/silnik-benzynowy-1.8-mpi-16v-140km-2005-2010/,4,5,11.0 m,5.5 m,4660 mm,1828 mm,1417 mm,2700 mm,1578 mm,1555 mm,1000 mm,960 mm,140 mm,"","","","","","","","","","","","","","","","","","","","","","","","","","","","","","","","","","",405 l,"","","","","","","","","","","","","","","","","",od 2005 do 2010 roku,1796 cm³,benzynowy,140 KM (103 kW) przy 6500 obr/min,175 Nm przy 3800 obr/min,"",DOHC,4,"",16,11.0 : 1,80.5 × 88.2 mm,"",wielopunktowy (MPI),"z przodu, poprzecznie","","","",215/55 R16,205/55 R16; 225/35 R20; 225/50 R17; 235/40 R19; 235/45 R18,"","",5x110,tarczowe wentylowane,tarczowe,305 mm,278 mm,"","","","",system czworoboku wysokiego,system o architekturze Multilink,"",manualna,5,na przednią oś,"","",206 km/h,10.2 s,"",31.3 s,7.7 l/100km,6.1 l/100km,10.4 l/100km,70 l,909 km,1148 km,673 km,181 g/km,"",1430 kg,1950 kg,"","","","","","","",""
Alfa Romeo 159 Sedan 1.9 JTS 160KM 118kW 2005-2010,alfa romeo,159,https://www.autocentrum.pl/dane-techniczne/alfa-romeo/159/sedan/silnik-benzynowy-1.9-jts-160km-2005-2010/,4,5,11.0 m,5.5 m,4660 mm,1828 mm,1417 mm,2700 mm,1578 mm,1555 mm,1000 mm,960 mm,140 mm,"","","","","","","","","","","","","","","","","","","","","","","","","","","","","","","","","","",405 l,"","","","","","","","","","","","","","","","","",od 2005 do 2010 roku,1859 cm³,benzynowy,160 KM (118 kW) przy 6500 obr/min,190 Nm przy 4500 obr/min,"",DOHC,4,rzędowy,16,11.0 : 1,86 × 88 mm,"",bezpośredni,"z przodu, poprzecznie","","","",215/55 R16,205/55 R16; 225/35 R20; 225/50 R17; 235/40 R19; 235/45 R18,"","",5x110,tarczowe wentylowane,tarczowe,305 mm,278 mm,"","","","",system czworoboku wysokiego,system o architekturze Multilink,"",manualna,6,na przednią oś,"","",212 km/h,9.7 s,"",30.7 s,8.7 l/100km,6.6 l/100km,12.2 l/100km,70 l,805 km,1061 km,574 km,205 g/km,"",1480 kg,"","","","","","","","",""
Alfa Romeo 159 Sedan 1750 TBi 16v 200KM 147kW 2009-2011,alfa romeo,159,https://www.autocentrum.pl/dane-techniczne/alfa-romeo/159/sedan/silnik-benzynowy-1750-tbi-16v-200km-2009-2011/,4,5,11.0 m,5.5 m,4660 mm,1828 mm,1417 mm,2700 mm,1578 mm,1555 mm,1000 mm,960 mm,140 mm,"","","","","","","","","","","","","","","","","","","","","","","","","","","","","","","","","","",405 l,"","","","","","","","","","","","","","","","","",od 2009 do 2011 roku,1750 cm³,benzynowy,200 KM (147 kW) przy 5000 obr/min,320 Nm przy 1400 obr/min,"","",4,rzędowy,16,10.0 : 1,83 × 80.5 mm,iskrowy,bezpośredni,"","","",przekładnia zębatkowa ze wspomaganiem hydraulicznym,215/55 R16,205/55 R16; 225/35 R20; 225/50 R17; 235/40 R19; 235/45 R18,"","",5x110,tarczowe wentylowane,tarczowe,330 mm,292 mm,"","","","",system czworoboku wysokiego,system o architekturze Multilink,"",manualna,6,na przednią oś,"","",235 km/h,7.7 s,"","",8.1 l/100km,6.0 l/100km,11.8 l/100km,70 l,864 km,1167 km,593 km,189 g/km,Euro 5,1430 kg,"",1500 kg,"","",90 Ah,"","","",""
Alfa Romeo 159 Sedan 2.2 JTS 185KM 136kW 2005-2010,alfa romeo,159,https://www.autocentrum.pl/dane-techniczne/alfa-romeo/159/sedan/silnik-benzynowy-2.2-jts-185km-2005-2010/,4,5,11.0 m,5.5 m,4660 mm,1828 mm,1417 mm,2700 mm,1578 mm,1555 mm,1000 mm,960 mm,140 mm,"","","","","","","","","","","","","","","","","","","","","","","","","","","","","","","","","","",405 l,"","","","","","","","","","","","","","","","","",od 2005 do 2010 roku,2198 cm³,benzynowy,185 KM (136 kW) przy 6500 obr/min,230 Nm przy 4500 obr/min,"",DOHC,4,rzędowy,16,11.0 : 1,86 × 94.6 mm,"",bezpośredni,"z przodu, poprzecznie","","","",215/55 R16,205/55 R16; 225/35 R20; 225/50 R17; 235/40 R19; 235/45 R18,"","",5x110,tarczowe wentylowane,tarczowe,305 mm,278 mm,"","","","",system czworoboku wysokiego,system o architekturze Multilink,"",manualna,6,na przednią oś,"","",222 km/h,8.8 s,"",29.6 s,9.4 l/100km,7.3 l/100km,13.0 l/100km,70 l,745 km,959 km,538 km,221 g/km,Euro 4,1490 kg,"","","","",64 Ah,"","","",""
Alfa Romeo 159 Sedan 3.2 JTS 24v 260KM 191kW 2005-2010,alfa romeo,159,https://www.autocentrum.pl/dane-techniczne/alfa-romeo/159/sedan/silnik-benzynowy-3.2-jts-24v-260km-2005-2010/,4,5,11.0 m,5.5 m,4660 mm,1828 mm,1417 mm,2700 mm,1578 mm,1555 mm,1000 mm,960 mm,140 mm,"","","","","","","","","","","","","","","","","","","","","","","","","","","","","","","","","","",405 l,"","","","","","","","","","","","","","","","","",od 2005 do 2010 roku,3195 cm³,benzynowy,260 KM (191 kW) przy 6200 obr/min,322 Nm przy 4500 obr/min,"",DOHC,6,widlasty,24,11.0 : 1,85.6 × 89 mm,"",bezpośredni,"z przodu, poprzecznie","","","",225/50 R17,225/35 R20; 235/40 R19; 235/45 R18,"","",5x110,tarczowe wentylowane,tarczowe,330 mm,292 mm,"","","","",system czworoboku wysokiego,system o architekturze Multilink,"",automatyczna,6,4x4,"","",240 km/h,7.2 s,"",27.5 s,12.2 l/100km,9.2 l/100km,16.5 l/100km,70 l,574 km,761 km,424 km,281 g/km,"",1775 kg,2220 kg,"","","","","","","",""
Alfa Romeo 159 Sedan 1.9 JTDM 120KM 88kW 2005-2010,alfa romeo,159,https://www.autocentrum.pl/dane-techniczne/alfa-romeo/159/sedan/silnik-diesla-1.9-jtdm-120km-2005-2010/,4,5,11.0 m,5.5 m,4660 mm,1828 mm,1417 mm,2700 mm,1578 mm,1555 mm,1000 mm,960 mm,140 mm,"","","","","","","","","","","","","","","","","","","","","","","","","","","","","","","","","","",405 l,"","","","","","","","","","","","","","","","","",od 2005 do 2010 roku,1910 cm³,diesel,120 KM (88 kW) przy 4000 obr/min,280 Nm przy 2000 obr/min,turbosprężarkowe,SOHC (OHC),4,rzędowy,8,18.0 : 1,82 × 90.4 mm,"",bezpośredni Common Rail,"z przodu, poprzecznie","","","",215/55 R16,"","","","",tarczowe wentylowane,tarczowe,305 mm,278 mm,"","","","",system czworoboku wysokiego,system o architekturze Multilink,"",manualna,6,na przednią oś,"","",191 km/h,11.0 s,"",32.8 s,5.9 l/100km,4.9 l/100km,7.8 l/100km,70 l,1186 km,1429 km,897 km,157 g/km,"",1525 kg,"","","","",72 Ah,"","","",""
Alfa Romeo 159 Sedan 1.9 JTDM 16v 150KM 110kW 2005-2010,alfa romeo,159,https://www.autocentrum.pl/dane-techniczne/alfa-romeo/159/sedan/silnik-diesla-1.9-jtdm-16v-150km-2005-2010/,4,5,11.0 m,5.5 m,4660 mm,1828 mm,1417 mm,2700 mm,1578 mm,1555 mm,1000 mm,960 mm,140 mm,"","","","","","","","","","","","","","","","","","","","","","","","","","","","","","","","","","",405 l,"","","","","","","","","","","","","","","","","",od 2005 do 2010 roku,1910 cm³,diesel,150 KM (110 kW) przy 4000 obr/min,320 Nm przy 2000 obr/min,turbosprężarkowe,DOHC,4,rzędowy,16,18.0 : 1,92 × 90.4 mm,"",bezpośredni Common Rail,"z przodu, poprzecznie","","","",215/55 R16,205/55 R16; 225/35 R20; 225/50 R17; 235/40 R19; 235/45 R18,"","",5x110,tarczowe wentylowane,tarczowe,305 mm,278 mm,"","","","",system czworoboku wysokiego,system o architekturze Multilink,"",automatyczna,6,na przednią oś,"","",210 km/h,9.4 s,"","",7.1 l/100km,5.8 l/100km,9.0 l/100km,70 l,986 km,1207 km,778 km,171 g/km,"",1610 kg,2130 kg,"","","","","","","",""
Alfa Romeo 159 Sedan 2.0 JTDM 16v 136KM 100kW 2011,alfa romeo,159,https://www.autocentrum.pl/dane-techniczne/alfa-romeo/159/sedan/silnik-diesla-2.0-jtdm-16v-136km-2011-2011/,4,5,11.0 m,5.5 m,4660 mm,1828 mm,1417 mm,2700 mm,1578 mm,1555 mm,1000 mm,960 mm,140 mm,"","","","","","","","","","","","","","","","","","","","","","","","","","","","","","","","","","",405 l,"","","","","","","","","","","","","","","","","",w 2011 roku,1956 cm³,diesel,136 KM (100 kW) przy 4000 obr/min,350 Nm przy 1750 obr/min,turbosprężarkowe,DOHC,4,rzędowy,16,17.0 : 1,83 × 90.4 mm,"",bezpośredni Common Rail,"z przodu, poprzecznie","","","",215/55 R16,205/55 R16; 225/35 R20; 225/50 R17; 235/40 R19; 235/45 R18,"","",5x110,tarczowe wentylowane,tarczowe,305 mm,278 mm,"","","","",system czworoboku wysokiego,system o architekturze Multilink,"",manualna,6,na przednią oś,"","",202 km/h,9.9 s,"",30.8 s,5.1 l/100km,4.2 l/100km,6.6 l/100km,70 l,1373 km,1667 km,1061 km,134 g/km,"",1480 kg,"","","","","","","","",""
Alfa Romeo 159 Sedan 2.0 JTDM 16v 170KM 125kW 2009-2011,alfa romeo,159,https://www.autocentrum.pl/dane-techniczne/alfa-romeo/159/sedan/silnik-diesla-2.0-jtdm-16v-170km-2009-2011/,4,5,11.0 m,5.5 m,4660 mm,1828 mm,1417 mm,2700 mm,1578 mm,1555 mm,1000 mm,960 mm,140 mm,"","","","","","","","","","","","","","","","","","","","","","","","","","","","","","","","","","",405 l,"","","","","","","","","","","","","","","","","",od 2009 do 2011 roku,1956 cm³,diesel,170 KM (125 kW) przy 4000 obr/min,360 Nm przy 1750 obr/min,turbosprężarkowe,DOHC,4,rzędowy,16,17.0 : 1,83 × 90.4 mm,iskrowy,bezpośredni Common Rail,"z przodu, poprzecznie","","",przekładnia zębatkowa ze wspomaganiem hydraulicznym,215/55 R16,205/55 R16; 225/35 R20; 225/50 R17; 235/40 R19; 235/45 R18,"","",5x110,tarczowe wentylowane,tarczowe,305 mm,278 mm,"","","","",system czworoboku wysokiego,system o architekturze Multilink,"",manualna,6,na przednią oś,"","",218 km/h,8.8 s,"","",5.4 l/100km,4.4 l/100km,7.1 l/100km,70 l,1296 km,1591 km,986 km,142 g/km,Euro 5,1490 kg,"",1500 kg,"","",90 Ah,"","","",""
Alfa Romeo 159 Sedan 2.4 JTDM 20v 200KM 147kW 2005-2010,alfa romeo,159,https://www.autocentrum.pl/dane-techniczne/alfa-romeo/159/sedan/silnik-diesla-2.4-jtdm-20v-200km-2005-2010/,4,5,11.0 m,5.5 m,4660 mm,1828 mm,1417 mm,2700 mm,1578 mm,1555 mm,1000 mm,960 mm,140 mm,"","","","","","","","","","","","","","","","","","","","","","","","","","","","","","","","","","",405 l,"","","","","","","","","","","","","","","","","",od 2005 do 2010 roku,2387 cm³,diesel,200 KM (147 kW) przy 4000 obr/min,400 Nm przy 2000 obr/min,"",DOHC,5,rzędowy,20,17.0 : 1,82 × 90.4 mm,"","","z przodu, poprzecznie","","",przekładnia zębatkowa ze wspomaganiem hydraulicznym,225/50 R17,225/35 R20; 235/40 R19; 235/45 R18,"","",5x110,tarczowe wentylowane,tarczowe wentylowane,330 mm,292 mm,"","","","",system czworoboku wysokiego,system o architekturze Multilink,"",automatyczna,6,na przednią oś,Q-TRONIC,"",225 km/h,8.3 s,12.3 s,29.2 s,7.9 l/100km,5.8 l/100km,11.4 l/100km,70 l,886 km,1207 km,614 km,179 g/km,"",1605 kg,2150 kg,1500 kg,1500 kg,"",70 Ah,"","","",""
Alfa Romeo 159 Sportwagon 1.8 MPI 16v 140KM 103kW 2005-2010,alfa romeo,159,https://www.autocentrum.pl/dane-techniczne/alfa-romeo/159/sportwagon/silnik-benzynowy-1.8-mpi-16v-140km-2005-2010/,5,5,11.0 m,5.5 m,4660 mm,1828 mm,1417 mm,2700 mm,1578 mm,1555 mm,1000 mm,960 mm,140 mm,"","","","","","","","","","","","","","","","","","","","","","","","","","","","","","","","","","",445 l,1245 l,"","","","","","","","","","","","","","","","",od 2005 do 2010 roku,1796 cm³,benzynowy,140 KM (103 kW) przy 6300 obr/min,175 Nm przy 3800 obr/min,"",DOHC,4,rzędowy,16,11.0 : 1,80.5 × 88.2 mm,"",wielopunktowy (MPI),"z przodu, poprzecznie","","","",215/55 R16,205/55 R16; 225/35 R20; 225/50 R17; 235/40 R19; 235/45 R18,"","",5x110,tarczowe wentylowane,tarczowe,305 mm,278 mm,"","","","",system czworoboku wysokiego,system o architekturze Multilink,"",manualna,5,na przednią oś,"","",204 km/h,10.4 s,"","",7.9 l/100km,6.3 l/100km,10.4 l/100km,70 l,886 km,1111 km,673 km,191 g/km,"",1455 kg,1975 kg,"","","","","","","",""
Alfa Romeo 159 Sportwagon 1.9 JTS 160KM 118kW 2006-2010,alfa romeo,159,https://www.autocentrum.pl/dane-techniczne/alfa-romeo/159/sportwagon/silnik-benzynowy-1.9-jts-160km-2006-2010/,5,5,11.0 m,5.5 m,4660 mm,1828 mm,1417 mm,2700 mm,1578 mm,1555 mm,1000 mm,960 mm,140 mm,"","","","","","","","","","","","","","","","","","","","","","","","","","","","","","","","","","",445 l,1245 l,"","","","","","","","","","","","","","","","",od 2006 do 2010 roku,1859 cm³,benzynowy,160 KM (118 kW) przy 6500 obr/min,190 Nm przy 4500 obr/min,"",DOHC,4,rzędowy,16,11.0 : 1,86 × 88 mm,"",bezpośredni,"z przodu, poprzecznie","","","",215/55 R16,205/55 R16; 225/35 R20; 225/50 R17; 235/40 R19; 235/45 R18,"","",5x110,tarczowe wentylowane,tarczowe,305 mm,278 mm,"","","","",system czworoboku wysokiego,system o architekturze Multilink,"",manualna,6,na przednią oś,"","",210 km/h,9.9 s,"","",8.8 l/100km,6.8 l/100km,12.4 l/100km,70 l,795 km,1029 km,565 km,215 g/km,"",1530 kg,"","","","","","","","",""
Alfa Romeo 159 Sportwagon 1750 TBi 16v 200KM 147kW 2009-2011,alfa romeo,159,https://www.autocentrum.pl/dane-techniczne/alfa-romeo/159/sportwagon/silnik-benzynowy-1750-tbi-16v-200km-2009-2011/,5,5,11.0 m,5.5 m,4660 mm,1828 mm,1417 mm,2700 mm,1578 mm,1555 mm,1000 mm,960 mm,140 mm,"","","","","","","","","","","","","","","","","","","","","","","","","","","","","","","","","","",445 l,1245 l,"","","","","","","","","","","","","","","","",od 2009 do 2011 roku,1750 cm³,benzynowy,200 KM (147 kW) przy 5000 obr/min,320 Nm przy 1400 obr/min,turbosprężarkowe,"",4,rzędowy,16,10.0 : 1,83 × 80.5 mm,iskrowy,bezpośredni,"z przodu, poprzecznie","","",przekładnia zębatkowa ze wspomaganiem hydraulicznym,215/55 R16,205/55 R16; 225/35 R20; 225/50 R17; 235/40 R19; 235/45 R18,"","",5x110,tarczowe wentylowane,tarczowe,320 mm,292 mm,"","","","",system czworoboku wysokiego,system czworoboku wysokiego,"",manualna,6,na przednią oś,"","",233 km/h,7.9 s,"","",8.3 l/100km,6.2 l/100km,12.0 l/100km,70 l,843 km,1129 km,583 km,194 g/km,Euro 5,1480 kg,"","",1500 kg,"",90 Ah,"","","",""
Alfa Romeo 159 Sportwagon 2.2 JTS 185KM 136kW 2006-2010,alfa romeo,159,https://www.autocentrum.pl/dane-techniczne/alfa-romeo/159/sportwagon/silnik-benzynowy-2.2-jts-185km-2006-2010/,5,5,11.0 m,5.5 m,4660 mm,1828 mm,1417 mm,2700 mm,1578 mm,1555 mm,1000 mm,960 mm,140 mm,"","","","","","","","","","","","","","","","","","","","","","","","","","","","","","","","","","",445 l,1245 l,"","","","","","","","","","","","","","","","",od 2006 do 2010 roku,2198 cm³,benzynowy,185 KM (136 kW) przy 6500 obr/min,230 Nm przy 4500 obr/min,"",DOHC,4,rzędowy,16,11.0 : 1,86 × 94.6 mm,"",bezpośredni,"z przodu, poprzecznie","","","",215/55 R16,205/55 R16; 225/35 R20; 225/50 R17; 235/40 R19; 235/45 R18,"","",5x110,tarczowe wentylowane,tarczowe,305 mm,278 mm,"","","","",system czworoboku wysokiego,system o architekturze Multilink,"",manualna,6,na przednią oś,"","",220 km/h,9.0 s,"","",9.5 l/100km,7.5 l/100km,13.4 l/100km,70 l,737 km,933 km,522 km,332 g/km,"",1540 kg,"","","","","","","","",""
Alfa Romeo 159 Sportwagon 3.2 JTS 24v 260KM 191kW 2006-2010,alfa romeo,159,https://www.autocentrum.pl/dane-techniczne/alfa-romeo/159/sportwagon/silnik-benzynowy-3.2-jts-24v-260km-2006-2010/,5,5,11.0 m,5.5 m,4660 mm,1828 mm,1417 mm,2700 mm,1578 mm,1555 mm,1000 mm,960 mm,140 mm,"","","","","","","","","","","","","","","","","","","","","","","","","","","","","","","","","","",445 l,1245 l,"","","","","","","","","","","","","","","","",od 2006 do 2010 roku,3195 cm³,benzynowy,260 KM (191 kW) przy 6200 obr/min,322 Nm przy 4500 obr/min,"",DOHC,6,widlasty,24,11.0 : 1,85.6 × 89 mm,"",bezpośredni,"z przodu, poprzecznie","","","",225/50 R17,225/35 R20; 235/40 R19; 235/45 R18,"","",5x110,tarczowe wentylowane,tarczowe wentylowane,330 mm,292 mm,"","","","",system czworoboku wysokiego,system o architekturze Multilink,"",automatyczna,6,4x4,"","",237 km/h,7.2 s,"","",11.6 l/100km,9.0 l/100km,17.0 l/100km,70 l,603 km,778 km,412 km,280 g/km,"",1730 kg,"","","","","","","","",6
Alfa Romeo 159 Sportwagon 1.9 JTDM 120KM 88kW 2006-2010,alfa romeo,159,https://www.autocentrum.pl/dane-techniczne/alfa-romeo/159/sportwagon/silnik-diesla-1.9-jtdm-120km-2006-2010/,5,5,11.0 m,5.5 m,4660 mm,1828 mm,1417 mm,2700 mm,1578 mm,1555 mm,1000 mm,960 mm,140 mm,"","","","","","","","","","","","","","","","","","","","","","","","","","","","","","","","","","",445 l,1245 l,"","","","","","","","","","","","","","","","",od 2006 do 2010 roku,1910 cm³,diesel,120 KM (88 kW) przy 4000 obr/min,280 Nm przy 2000 obr/min,turbosprężarkowe,SOHC (OHC),4,rzędowy,8,18.0 : 1,82 × 90.4 mm,"",bezpośredni Common Rail,"z przodu, poprzecznie","","","",215/55 R16,"","","","",tarczowe wentylowane,tarczowe,305 mm,278 mm,"","","","",system czworoboku wysokiego,system o architekturze Multilink,"",manualna,6,na przednią oś,"","",190 km/h,11.2 s,"","",6.0 l/100km,5.0 l/100km,7.9 l/100km,70 l,1167 km,1400 km,886 km,159 g/km,"",1575 kg,"","","","",72 Ah,74 Ah,"","",""
Alfa Romeo 159 Sportwagon 1.9 JTDM 16v 150KM 110kW 2006-2010,alfa romeo,159,https://www.autocentrum.pl/dane-techniczne/alfa-romeo/159/sportwagon/silnik-diesla-1.9-jtdm-16v-150km-2006-2010/,5,5,11.0 m,5.5 m,4660 mm,1828 mm,1417 mm,2700 mm,1578 mm,1555 mm,1000 mm,960 mm,140 mm,"","","","","","","","","","","","","","","","","","","","","","","","","","","","","","","","","","",445 l,1245 l,"","","","","","","","","","","","","","","","",od 2006 do 2010 roku,1910 cm³,diesel,150 KM (110 kW) przy 4000 obr/min,320 Nm przy 2000 obr/min,turbosprężarkowe,DOHC,4,rzędowy,16,18.0 : 1,82 × 90.4 mm,samoczynny,bezpośredni Common Rail,"z przodu, poprzecznie","","","",215/55 R16,205/55 R16; 225/35 R20; 225/50 R17; 235/40 R19; 235/45 R18,"","",5x110,tarczowe wentylowane,tarczowe,305 mm,278 mm,"","","","",system czworoboku wysokiego,system o architekturze Multilink,"",automatyczna,6,na przednią oś,"","",205 km/h,9.8 s,"","",7.2 l/100km,6.0 l/100km,9.1 l/100km,70 l,972 km,1167 km,769 km,174 g/km,"",1665 kg,2110 kg,"","","",72 Ah,74 Ah,"","",""
Alfa Romeo 159 Sportwagon 2.0 JTDM 16v 136KM 100kW 2011,alfa romeo,159,https://www.autocentrum.pl/dane-techniczne/alfa-romeo/159/sportwagon/silnik-diesla-2.0-jtdm-16v-136km-2011-2011/,5,5,11.0 m,5.5 m,4660 mm,1828 mm,1417 mm,2700 mm,1578 mm,1555 mm,1000 mm,960 mm,140 mm,"","","","","","","","","","","","","","","","","","","","","","","","","","","","","","","","","","",445 l,1245 l,"","","","","","","","","","","","","","","","",w 2011 roku,1956 cm³,diesel,136 KM (100 kW) przy 4000 obr/min,350 Nm przy 1750 obr/min,turbosprężarkowe,DOHC,4,rzędowy,16,17.0 : 1,83 × 90.4 mm,"",bezpośredni Common Rail,"z przodu, poprzecznie","","","",215/55 R16,205/55 R16; 225/35 R20; 225/50 R17; 235/40 R19; 235/45 R18,"","",5x110,tarczowe wentylowane,tarczowe,305 mm,278 mm,"","","","",system czworoboku wysokiego,system o architekturze Multilink,"",manualna,6,na przednią oś,"","",200 km/h,10.1 s,"","",5.2 l/100km,4.3 l/100km,6.8 l/100km,70 l,1346 km,1628 km,1029 km,140 g/km,"",1540 kg,"","","","","","","","",""
Alfa Romeo 159 Sportwagon 2.0 JTDM 16v 170KM 125kW 2009-2011,alfa romeo,159,https://www.autocentrum.pl/dane-techniczne/alfa-romeo/159/sportwagon/silnik-diesla-2.0-jtdm-16v-170km-2009-2011/,5,5,11.0 m,5.5 m,4660 mm,1828 mm,1417 mm,2700 mm,1578 mm,1555 mm,1000 mm,960 mm,140 mm,"","","","","","","","","","","","","","","","","","","","","","","","","","","","","","","","","","",445 l,1245 l,"","","","","","","","","","","","","","","","",od 2009 do 2011 roku,1956 cm³,diesel,170 KM (125 kW) przy 4000 obr/min,360 Nm przy 1750 obr/min,turbosprężarkowe,DOHC,4,rzędowy,16,17.0 : 1,83 × 90.4 mm,samoczynny,bezpośredni Common Rail,"z przodu, poprzecznie","","",przekładnia zębatkowa ze wspomaganiem hydraulicznym,215/55 R16,205/55 R16; 225/35 R20; 225/50 R17; 235/40 R19; 235/45 R18,"","",5x110,tarczowe wentylowane,tarczowe,305 mm,278 mm,"","","","",system czworoboku wysokiego,system o architekturze Multilink,"",manualna,6,na przednią oś,"","",216 km/h,9.0 s,"","",5.5 l/100km,4.5 l/100km,7.2 l/100km,70 l,1273 km,1556 km,972 km,145 g/km,Euro 5,1540 kg,"","",1500 kg,"",90 Ah,"","","",""
Alfa Romeo 159 Sportwagon 2.4 JTDM 20v 200KM 147kW 2006-2010,alfa romeo,159,https://www.autocentrum.pl/dane-techniczne/alfa-romeo/159/sportwagon/silnik-diesla-2.4-jtdm-20v-200km-2006-2010/,5,5,11.0 m,5.5 m,4660 mm,1828 mm,1417 mm,2700 mm,1578 mm,1555 mm,1000 mm,960 mm,140 mm,"","","","","","","","","","","","","","","","","","","","","","","","","","","","","","","","","","",445 l,1245 l,"","","","","","","","","","","","","","","","",od 2006 do 2010 roku,2387 cm³,diesel,200 KM (147 kW) przy 4000 obr/min,400 Nm,turbosprężarkowe,DOHC,5,rzędowy,20,17.0 : 1,82 × 90.4 mm,samoczynny,bezpośredni Common Rail,"z przodu, poprzecznie","","","",225/50 R17,225/35 R20; 235/40 R19; 235/45 R18,"","",5x110,tarczowe wentylowane,tarczowe wentylowane,330 mm,292 mm,"","","","",system czworoboku wysokiego,system o architekturze Multilink,"",automatyczna,6,na przednią oś,Q-Tronic,hydrokinetyczne,222 km/h,8.6 s,"","",8.1 l/100km,6.5 l/100km,9.7 l/100km,70 l,864 km,1077 km,722 km,180 g/km,"",1775 kg,2220 kg,"",750 kg,"","","","","",6
Alfa Romeo 164 2.0 T.S. 144KM 106kW 1990-1992,alfa romeo,164,https://www.autocentrum.pl/dane-techniczne/alfa-romeo/164/silnik-benzynowy-2.0-t.s.-144km-1990-1992/,4,5,"","",4555 mm,1760 mm,1400 mm,2660 mm,1515 mm,1488 mm,895 mm,1000 mm,"","","","","","","","","","","","","","","","","","","","","","","","","","","","","","","","","","","",410 l,"","","","","","","","","","","","","","","","","",od 1990 do 1992 roku,1962 cm³,benzynowy,144 KM (106 kW) przy 5800 obr/min,188 Nm przy 4700 obr/min,"",SOHC (OHC),4,rzędowy,8,10.0 : 1,84 × 88.5 mm,"","","z przodu, poprzecznie","","","",195/65 R15,185/65 R15; 195/60 R16; 205/50 R17; 205/55 R16,"","",5x98,tarczowe wentylowane,tarczowe,"","","","","","","","","",manualna,5,na przednią oś,"","",207 km/h,9.8 s,"",30.4 s,8.3 l/100km,6.5 l/100km,10.0 l/100km,70 l,843 km,1077 km,700 km,"","",1200 kg,1625 kg,"","","","","","","",""
Alfa Romeo 164 2.0 T.S. 146KM 107kW 1992-1997,alfa romeo,164,https://www.autocentrum.pl/dane-techniczne/alfa-romeo/164/silnik-benzynowy-2.0-t.s.-146km-1992-1997/,4,5,"","",4555 mm,1760 mm,1400 mm,2660 mm,1515 mm,1488 mm,895 mm,1000 mm,"","","","","","","","","","","","","","","","","","","","","","","","","","","","","","","","","","","",410 l,"","","","","","","","","","","","","","","","","",od 1992 do 1997 roku,1995 cm³,benzynowy,146 KM (107 kW) przy 5800 obr/min,189 Nm przy 5000 obr/min,"",SOHC (OHC),4,"",8,10.0 : 1,84 × 88.5 mm,"",wielopunktowy (MPI),"z przodu, poprzecznie","","","",195/65 R15,185/65 R15; 195/60 R16; 205/50 R17; 205/55 R16,"","",5x98,tarczowe wentylowane,tarczowe,"","","","","","","","","",manualna,5,na przednią oś,"","",210 km/h,9.9 s,"",31.3 s,7.4 l/100km,5.8 l/100km,9.8 l/100km,70 l,946 km,1207 km,714 km,"","",1380 kg,1950 kg,"","","","","","","",""
Alfa Romeo 164 2.0 T.S. 148KM 109kW 1987-1989,alfa romeo,164,https://www.autocentrum.pl/dane-techniczne/alfa-romeo/164/silnik-benzynowy-2.0-t.s.-148km-1987-1989/,4,5,"","",4555 mm,1760 mm,1400 mm,2660 mm,1515 mm,1488 mm,895 mm,1000 mm,"","","","","","","","","","","","","","","","","","","","","","","","","","","","","","","","","","","",410 l,"","","","","","","","","","","","","","","","","",od 1987 do 1989 roku,1962 cm³,benzynowy,148 KM (109 kW) przy 5800 obr/min,186 Nm przy 4000 obr/min,"",SOHC (OHC),4,rzędowy,8,10.0 : 1,84 × 88.5 mm,"","","z przodu, poprzecznie","","","",195/65 R15,"","","","",tarczowe wentylowane,tarczowe,"","","","","","","","","",manualna,5,na przednią oś,"","",210 km/h,9.2 s,"",30.2 s,8.3 l/100km,6.5 l/100km,8.5 l/100km,70 l,843 km,1077 km,824 km,"","",1200 kg,1625 kg,"","","","","","","",""
Alfa Romeo 164 2.0 Turbo 175KM 129kW 1987-1991,alfa romeo,164,https://www.autocentrum.pl/dane-techniczne/alfa-romeo/164/silnik-benzynowy-2.0-turbo-175km-1987-1991/,4,5,"","",4555 mm,1760 mm,1400 mm,2660 mm,1515 mm,1488 mm,895 mm,1000 mm,"","","","","","","","","","","","","","","","","","","","","","","","","","","","","","","","","","","",410 l,"","","","","","","","","","","","","","","","","",od 1987 do 1991 roku,1995 cm³,benzynowy,175 KM (129 kW) przy 5250 obr/min,284 Nm przy 2500 obr/min,turbosprężarkowe,SOHC (OHC),4,rzędowy,8,8.0 : 1,84 × 90 mm,"","","z przodu, poprzecznie","","","",195/65 R15,"","","","",tarczowe wentylowane,tarczowe,"","","","","","","","","",manualna,5,na przednią oś,"","",220 km/h,7.2 s,"",28.2 s,8.1 l/100km,6.3 l/100km,9.9 l/100km,70 l,864 km,1111 km,707 km,"","",1250 kg,1675 kg,"","","","","","","",""
Alfa Romeo 164 2.0 V6 Turbo 201KM 148kW 1992-1998,alfa romeo,164,https://www.autocentrum.pl/dane-techniczne/alfa-romeo/164/silnik-benzynowy-2.0-v6-turbo-201km-1992-1998/,4,5,"","",4555 mm,1760 mm,1400 mm,2660 mm,1515 mm,1488 mm,895 mm,1000 mm,"","","","","","","","","","","","","","","","","","","","","","","","","","","","","","","","","","","",410 l,"","","","","","","","","","","","","","","","","",od 1992 do 1998 roku,1996 cm³,benzynowy,201 KM (148 kW) przy 6000 obr/min,271 Nm przy 2800 obr/min,turbosprężarkowe,SOHC (OHC),6,widlasty,12,8.0 : 1,80 × 66.2 mm,"",wielopunktowy (MPI),"z przodu, poprzecznie","","","",195/65 R15,185/65 R15; 195/60 R16; 205/50 R17; 205/55 R16,"","",5x98,tarczowe wentylowane,tarczowe,"","","","","","","","","",manualna,5,na przednią oś,"","",237 km/h,8.2 s,"",28.5 s,8.6 l/100km,6.9 l/100km,12.0 l/100km,70 l,814 km,1014 km,583 km,"","",1510 kg,2050 kg,"","","","","","","",""
Alfa Romeo 164 2.0 V6 Turbo 210KM 154kW 1991-1992,alfa romeo,164,https://www.autocentrum.pl/dane-techniczne/alfa-romeo/164/silnik-benzynowy-2.0-v6-turbo-210km-1991-1992/,4,5,"","",4555 mm,1760 mm,1400 mm,2660 mm,1515 mm,1488 mm,895 mm,1000 mm,"","","","","","","","","","","","","","","","","","","","","","","","","","","","","","","","","","","",410 l,"","","","","","","","","","","","","","","","","",od 1991 do 1992 roku,1997 cm³,benzynowy,210 KM (154 kW) przy 6000 obr/min,300 Nm przy 2750 obr/min,turbosprężarkowe,SOHC (OHC),6,widlasty,12,8.0 : 1,80 × 66.2 mm,"","","z przodu, poprzecznie","","","",195/65 R15,"","","","",tarczowe wentylowane,tarczowe,"","","","","","","","","",manualna,5,na przednią oś,"","",240 km/h,7.7 s,"",27.8 s,9.3 l/100km,7.1 l/100km,11.7 l/100km,70 l,753 km,986 km,598 km,"","",1440 kg,1865 kg,"","","","","","","",""
Alfa Romeo 164 2.5 V6 163KM 120kW 1992-1998,alfa romeo,164,https://www.autocentrum.pl/dane-techniczne/alfa-romeo/164/silnik-benzynowy-2.5-v6-163km-1992-1998/,4,5,"","",4555 mm,1760 mm,1400 mm,2660 mm,1515 mm,1488 mm,895 mm,1000 mm,"","","","","","","","","","","","","","","","","","","","","","","","","","","","","","","","","","","",410 l,"","","","","","","","","","","","","","","","","",od 1992 do 1998 roku,2499 cm³,benzynowy,163 KM (120 kW),"","","",6,widlasty,"","","","","","","","","",195/65 R15,195/60 R16; 205/50 R17; 205/55 R16,"","",5x98,"","","","","","","","","","","","","","","","","","","","","","","","","","","","","","","","","","","","","","",""
Alfa Romeo 164 3.0 24V 210KM 154kW 1992-1998,alfa romeo,164,https://www.autocentrum.pl/dane-techniczne/alfa-romeo/164/silnik-benzynowy-3.0-24v-210km-1992-1998/,4,5,"","",4555 mm,1760 mm,1400 mm,2660 mm,1515 mm,1488 mm,895 mm,1000 mm,"","","","","","","","","","","","","","","","","","","","","","","","","","","","","","","","","","","",410 l,"","","","","","","","","","","","","","","","","",od 1992 do 1998 roku,2959 cm³,benzynowy,210 KM (154 kW) przy 6300 obr/min,275 Nm przy 5000 obr/min,"",DOHC,6,widlasty,24,10.0 : 1,93 × 72.6 mm,"","","z przodu, poprzecznie","","","",195/65 R15,"","","","",tarczowe wentylowane,tarczowe,"","","","","","","","","",automatyczna,5,na przednią oś,"","",235 km/h,9.0 s,"",29.2 s,11.2 l/100km,8.6 l/100km,14.5 l/100km,70 l,625 km,814 km,483 km,"","",1580 kg,2125 kg,"","","","","","","",""
Alfa Romeo 164 3.0 24V Q4 232KM 171kW 1992-1998,alfa romeo,164,https://www.autocentrum.pl/dane-techniczne/alfa-romeo/164/silnik-benzynowy-3.0-24v-q4-232km-1992-1998/,4,5,"","",4555 mm,1760 mm,1400 mm,2660 mm,1515 mm,1488 mm,895 mm,1000 mm,"","","","","","","","","","","","","","","","","","","","","","","","","","","","","","","","","","","",410 l,"","","","","","","","","","","","","","","","","",od 1992 do 1998 roku,2959 cm³,benzynowy,232 KM (171 kW) przy 6300 obr/min,280 Nm przy 5000 obr/min,"",DOHC,6,widlasty,24,10.0 : 1,93 × 72.6 mm,"","","z przodu, poprzecznie","","","",195/65 R15,195/60 R16; 205/50 R17; 205/55 R16,"","",5x98,tarczowe wentylowane,tarczowe,"","","","","","","","","",manualna,6,4x4,"","",240 km/h,7.5 s,"",27.9 s,10.8 l/100km,7.9 l/100km,14.5 l/100km,70 l,648 km,886 km,483 km,"","",1680 kg,2165 kg,"","","","","","","",""
Alfa Romeo 164 3.0 24V QV 232KM 171kW 1992-1993,alfa romeo,164,https://www.autocentrum.pl/dane-techniczne/alfa-romeo/164/silnik-benzynowy-3.0-24v-qv-232km-1992-1993/,4,5,"","",4555 mm,1760 mm,1400 mm,2660 mm,1515 mm,1488 mm,895 mm,1000 mm,"","","","","","","","","","","","","","","","","","","","","","","","","","","","","","","","","","","",410 l,"","","","","","","","","","","","","","","","","",od 1992 do 1993 roku,2959 cm³,benzynowy,232 KM (171 kW) przy 6300 obr/min,280 Nm,"",DOHC,6,widlasty,24,10.0 : 1,"","",wielopunktowy (MPI),"z przodu, poprzecznie","","","",195/65 R15,195/60 R16; 205/50 R17; 205/55 R16,"","",5x98,tarczowe wentylowane,tarczowe,"","","","","","","","","",manualna,6,4x4,"","",240 km/h,7.5 s,"","",10.8 l/100km,"","",70 l,648 km,"","","","",1680 kg,2165 kg,"","","","","","","",""
Alfa Romeo 164 3.0 i.e. QV 200KM 147kW 1990-1992,alfa romeo,164,https://www.autocentrum.pl/dane-techniczne/alfa-romeo/164/silnik-benzynowy-3.0-i.e.-qv-200km-1990-1992/,4,5,"","",4555 mm,1760 mm,1400 mm,2660 mm,1515 mm,1488 mm,895 mm,1000 mm,"","","","","","","","","","","","","","","","","","","","","","","","","","","","","","","","","","","",410 l,"","","","","","","","","","","","","","","","","",od 1990 do 1992 roku,2959 cm³,benzynowy,200 KM (147 kW) przy 5800 obr/min,269 Nm przy 4400 obr/min,"",DOHC,6,widlasty,12,10.0 : 1,93 × 72.6 mm,"","","z przodu, poprzecznie","","","",195/65 R15,"","","","",tarczowe wentylowane,tarczowe,"","","","","","","","","",manualna,5,4x4,"","",237 km/h,7.7 s,"",27.8 s,9.9 l/100km,7.3 l/100km,13.0 l/100km,70 l,707 km,959 km,538 km,"","",1430 kg,1855 kg,"","","","","","","",""
Alfa Romeo 164 3.0 V6 180KM 132kW 1992-1995,alfa romeo,164,https://www.autocentrum.pl/dane-techniczne/alfa-romeo/164/silnik-benzynowy-3.0-v6-180km-1992-1995/,4,5,"","",4555 mm,1760 mm,1400 mm,2660 mm,1515 mm,1488 mm,895 mm,1000 mm,"","","","","","","","","","","","","","","","","","","","","","","","","","","","","","","","","","","",410 l,"","","","","","","","","","","","","","","","","",od 1992 do 1995 roku,2959 cm³,benzynowy,180 KM (132 kW) przy 5600 obr/min,225 Nm przy 3000 obr/min,"",SOHC (OHC),6,widlasty,12,10.0 : 1,93 × 72.6 mm,"",wielopunktowy (MPI),"z przodu, poprzecznie","","","",195/65 R15,"","","","",tarczowe wentylowane,tarczowe,"","","","","","","","","",manualna,5,na przednią oś,"","",230 km/h,8.1 s,"",28.5 s,9.1 l/100km,7.2 l/100km,13.0 l/100km,70 l,769 km,972 km,538 km,"","",1470 kg,2010 kg,"","","","","","","",""
Alfa Romeo 164 3.0 V6 184KM 135kW 1990-1992,alfa romeo,164,https://www.autocentrum.pl/dane-techniczne/alfa-romeo/164/silnik-benzynowy-3.0-v6-184km-1990-1992/,4,5,"","",4555 mm,1760 mm,1400 mm,2660 mm,1515 mm,1488 mm,895 mm,1000 mm,"","","","","","","","","","","","","","","","","","","","","","","","","","","","","","","","","","","",410 l,"","","","","","","","","","","","","","","","","",od 1990 do 1992 roku,2959 cm³,benzynowy,184 KM (135 kW) przy 5600 obr/min,261 Nm przy 4400 obr/min,"",SOHC (OHC),6,widlasty,12,10.0 : 1,93 × 72.6 mm,"","","z przodu, poprzecznie","","","",195/65 R15,195/60 R16; 205/50 R17; 205/55 R16,"","",5x98,tarczowe wentylowane,tarczowe,"","","","","","","","","",automatyczna,5,na przednią oś,"","",222 km/h,9.6 s,"",29.7 s,10.2 l/100km,7.2 l/100km,14.0 l/100km,70 l,686 km,972 km,500 km,"","",1410 kg,1835 kg,"","","","","","","",""
Alfa Romeo 164 3.0 V6 192KM 141kW 1987-1989,alfa romeo,164,https://www.autocentrum.pl/dane-techniczne/alfa-romeo/164/silnik-benzynowy-3.0-v6-192km-1987-1989/,4,5,"","",4555 mm,1760 mm,1400 mm,2660 mm,1515 mm,1488 mm,895 mm,1000 mm,"","","","","","","","","","","","","","","","","","","","","","","","","","","","","","","","","","","",410 l,"","","","","","","","","","","","","","","","","",od 1987 do 1989 roku,2959 cm³,benzynowy,192 KM (141 kW) przy 5600 obr/min,245 Nm przy 3000 obr/min,"",SOHC (OHC),6,widlasty,12,10.0 : 1,93 × 72.6 mm,"","","z przodu, poprzecznie","","","",195/60 R15,"","","","",tarczowe wentylowane,tarczowe,"","","","","","","","","",automatyczna,5,na przednią oś,"","",225 km/h,8.9 s,"",29.7 s,9.2 l/100km,7.2 l/100km,11.4 l/100km,70 l,761 km,972 km,614 km,"","",1320 kg,1725 kg,"","","","","","","",""
Alfa Romeo 164 2.5 TD 117KM 86kW 1987-1992,alfa romeo,164,https://www.autocentrum.pl/dane-techniczne/alfa-romeo/164/silnik-diesla-2.5-td-117km-1987-1992/,4,5,"","",4555 mm,1760 mm,1400 mm,2660 mm,1515 mm,1488 mm,895 mm,1000 mm,"","","","","","","","","","","","","","","","","","","","","","","","","","","","","","","","","","","",410 l,"","","","","","","","","","","","","","","","","",od 1987 do 1992 roku,2499 cm³,diesel,117 KM (86 kW) przy 4200 obr/min,258 Nm przy 2500 obr/min,turbosprężarkowe,SOHC (OHC),4,rzędowy,8,22.0 : 1,92 × 94 mm,"","","z przodu, poprzecznie","","","",185/70 R14,195/60 R15; 195/65 R15; 205/55 R16,"","",4x98,tarczowe wentylowane,tarczowe,"","","","","","","","","",manualna,5,na przednią oś,"","",200 km/h,10.8 s,"",32.2 s,6.8 l/100km,5.3 l/100km,8.6 l/100km,70 l,1029 km,1321 km,814 km,"","",1320 kg,1745 kg,"","","","","","","",""
Alfa Romeo 164 2.5 TD 125KM 92kW 1992-1998,alfa romeo,164,https://www.autocentrum.pl/dane-techniczne/alfa-romeo/164/silnik-diesla-2.5-td-125km-1992-1998/,4,5,"","",4555 mm,1760 mm,1400 mm,2660 mm,1515 mm,1488 mm,895 mm,1000 mm,"","","","","","","","","","","","","","","","","","","","","","","","","","","","","","","","","","","",410 l,"","","","","","","","","","","","","","","","","",od 1992 do 1998 roku,2499 cm³,diesel,125 KM (92 kW) przy 4200 obr/min,294 Nm przy 2000 obr/min,turbosprężarkowe,SOHC (OHC),4,rzędowy,8,22.0 : 1,92 × 94 mm,"","","z przodu, poprzecznie","","","",195/65 R15,"","","","",tarczowe wentylowane,tarczowe,"","","","","","","","","",manualna,5,na przednią oś,"","",202 km/h,10.8 s,"",32.2 s,6.8 l/100km,5.2 l/100km,8.5 l/100km,70 l,1029 km,1346 km,824 km,"","",1510 kg,2060 kg,"","","","","","","",""
Alfa Romeo 166 I 2.0 i 16V T.Spark 155KM 114kW 1998-2001,alfa romeo,166,https://www.autocentrum.pl/dane-techniczne/alfa-romeo/166/i/silnik-benzynowy-2.0-i-16v-t.spark-155km-1998-2001/,4,5,"","",4720 mm,1815 mm,1416 mm,2700 mm,1545 mm,1532 mm,996 mm,1024 mm,"","","","","","","","","","","","","","","","","","","","","","","","","","","","","","","","","","","",490 l,"","","","","","","","","","","","","","","","","",od 1998 do 2001 roku,1970 cm³,benzynowy,155 KM (114 kW) przy 6400 obr/min,187 Nm przy 2800 obr/min,"",DOHC,4,rzędowy,16,10.0 : 1,83 × 91 mm,"",wielopunktowy (MPI),"z przodu, poprzecznie","","","",205/55 R16,215/55 R16; 225/40 R18; 225/45 R17,"","",5x108,tarczowe wentylowane,tarczowe,"","","","","","",dwuwahaczowe,system o architekturze Multilink,"",manualna,5,na przednią oś,"","",213 km/h,9.6 s,"",30.6 s,9.7 l/100km,7.3 l/100km,13.8 l/100km,72 l,742 km,986 km,522 km,"","",1420 kg,1930 kg,"","","","","","","",""
Alfa Romeo 166 I 2.0 i V6 205KM 151kW 1998-2001,alfa romeo,166,https://www.autocentrum.pl/dane-techniczne/alfa-romeo/166/i/silnik-benzynowy-2.0-i-v6-205km-1998-2001/,4,5,"","",4720 mm,1815 mm,1416 mm,2700 mm,1545 mm,1532 mm,996 mm,1024 mm,"","","","","","","","","","","","","","","","","","","","","","","","","","","","","","","","","","","",490 l,"","","","","","","","","","","","","","","","","",od 1998 do 2001 roku,1997 cm³,benzynowy,205 KM (151 kW) przy 6000 obr/min,280 Nm przy 2500 obr/min,turbosprężarkowe,SOHC (OHC),6,widlasty,12,8.0 : 1,80 × 66.2 mm,"",wielopunktowy (MPI),"z przodu, poprzecznie","","","",205/55 R16,215/55 R16; 225/40 R18; 225/45 R17,"","",5x108,tarczowe wentylowane,tarczowe,"","","","","","",dwuwahaczowe,wielowahaczowe,"",manualna,6,na przednią oś,"","",237 km/h,8.1 s,"",28.4 s,11.7 l/100km,8.3 l/100km,17.6 l/100km,72 l,615 km,867 km,409 km,"","",1495 kg,2005 kg,"","","","","","","",""
Alfa Romeo 166 I 2.5 i V6 24V 190KM 140kW 1998-2000,alfa romeo,166,https://www.autocentrum.pl/dane-techniczne/alfa-romeo/166/i/silnik-benzynowy-2.5-i-v6-24v-190km-1998-2000/,4,5,"","",4720 mm,1815 mm,1416 mm,2700 mm,1545 mm,1532 mm,996 mm,1024 mm,"","","","","","","","","","","","","","","","","","","","","","","","","","","","","","","","","","","",490 l,"","","","","","","","","","","","","","","","","",od 1998 do 2000 roku,2492 cm³,benzynowy,190 KM (140 kW) przy 6200 obr/min,222 Nm przy 5000 obr/min,"",DOHC,6,widlasty,24,10.0 : 1,88 × 68.3 mm,"",wielopunktowy (MPI),"z przodu, poprzecznie","","","",205/55 R16,215/55 R16; 225/40 R18; 225/45 R17,"","",5x108,tarczowe wentylowane,tarczowe,"","","","","","",dwuwahaczowe,system o architekturze Multilink,"",automatyczna,5,na przednią oś,Sportronic,"",220 km/h,9.5 s,"",30.0 s,12.2 l/100km,9.1 l/100km,17.5 l/100km,72 l,590 km,791 km,411 km,"","",1520 kg,2030 kg,"","","","","","","",""
Alfa Romeo 166 I 3.0 i V6 24V 226KM 166kW 1998-2001,alfa romeo,166,https://www.autocentrum.pl/dane-techniczne/alfa-romeo/166/i/silnik-benzynowy-3.0-i-v6-24v-226km-1998-2001/,4,5,"","",4720 mm,1815 mm,1416 mm,2700 mm,1545 mm,1532 mm,996 mm,1024 mm,"","","","","","","","","","","","","","","","","","","","","","","","","","","","","","","","","","","",490 l,"","","","","","","","","","","","","","","","","",od 1998 do 2001 roku,2959 cm³,benzynowy,226 KM (166 kW) przy 6200 obr/min,275 Nm przy 5000 obr/min,"",DOHC,6,widlasty,24,10.0 : 1,93 × 72.6 mm,"",wielopunktowy (MPI),"z przodu, poprzecznie","","","",205/55 R16,215/55 R16; 225/40 R18; 225/45 R17,"","",5x108,tarczowe wentylowane,tarczowe,"","","","","","",dwuwahaczowe,system o architekturze Multilink,"",automatyczna,6,na przednią oś,Sportronic,"",237 km/h,8.5 s,"",28.5 s,13.0 l/100km,9.3 l/100km,19.4 l/100km,72 l,554 km,774 km,371 km,"","",1550 kg,2060 kg,"",500 kg,1500 kg,"","","","",5
Alfa Romeo 166 I 2.4 JTD 136KM 100kW 1998-2001,alfa romeo,166,https://www.autocentrum.pl/dane-techniczne/alfa-romeo/166/i/silnik-diesla-2.4-jtd-136km-1998-2001/,4,5,"","",4720 mm,1815 mm,1416 mm,2700 mm,1545 mm,1532 mm,996 mm,1024 mm,"","","","","","","","","","","","","","","","","","","","","","","","","","","","","","","","","","","",490 l,"","","","","","","","","","","","","","","","","",od 1998 do 2001 roku,2387 cm³,diesel,136 KM (100 kW) przy 4000 obr/min,304 Nm przy 2000 obr/min,turbosprężarkowe,SOHC (OHC),5,rzędowy,10,19.0 : 1,82 × 90.4 mm,"",bezpośredni Common Rail,"z przodu, poprzecznie","","","",205/55 R16,215/55 R16; 225/40 R18; 225/45 R17,"","",5x108,tarczowe wentylowane,tarczowe,"","","","","","",dwuwahaczowe,system o architekturze Multilink,"",automatyczna,6,na przednią oś,"","",200 km/h,11.0 s,"",32.5 s,7.5 l/100km,6.0 l/100km,9.5 l/100km,72 l,960 km,1200 km,758 km,"","",1540 kg,2030 kg,"","","",100 Ah,"","","",""
Alfa Romeo 166 II 2.0 i 16V T.Spark 150KM 110kW 2001-2003,alfa romeo,166,https://www.autocentrum.pl/dane-techniczne/alfa-romeo/166/ii/silnik-benzynowy-2.0-i-16v-t.spark-150km-2001-2003/,4,5,"","",4720 mm,1815 mm,1406 mm,2700 mm,"","","","","","","","","","","","","","","","","","","","","","","","","","","","","","","","","","","","","","","",490 l,"","","","","","","","","","","","","","","","","",od 2001 do 2003 roku,1970 cm³,benzynowy,150 KM (110 kW) przy 6500 obr/min,181 Nm przy 3800 obr/min,"",DOHC,4,rzędowy,16,10.0 : 1,83 × 91 mm,"",wielopunktowy (MPI),"z przodu, poprzecznie","","","",205/55 R16,"",6.5 X 16,"","",tarczowe wentylowane,tarczowe,"","","","","","",dwuwahaczowe,system o architekturze Multilink,"",manualna,6,na przednią oś,"","",211 km/h,9.8 s,"",30.8 s,9.7 l/100km,7.3 l/100km,13.8 l/100km,72 l,742 km,986 km,522 km,230 g/km,"",1420 kg,1930 kg,"","","","","","","",""
Alfa Romeo 166 II 2.5 i V6 24V 188KM 138kW 2001-2003,alfa romeo,166,https://www.autocentrum.pl/dane-techniczne/alfa-romeo/166/ii/silnik-benzynowy-2.5-i-v6-24v-188km-2001-2003/,4,5,"","",4720 mm,1815 mm,1406 mm,2700 mm,"","","","","","","","","","","","","","","","","","","","","","","","","","","","","","","","","","","","","","","",490 l,"","","","","","","","","","","","","","","","","",od 2001 do 2003 roku,2492 cm³,benzynowy,188 KM (138 kW) przy 6300 obr/min,221 Nm przy 5000 obr/min,"",DOHC,6,widlasty,24,10.0 : 1,88 × 68.3 mm,"",wielopunktowy (MPI),"z przodu, poprzecznie","","","",205/55 R16,"",6.5 X 16,"","",tarczowe wentylowane,tarczowe,"","","","","","",dwuwahaczowe,system o architekturze Multilink,"",automatyczna,6,na przednią oś,Sportronic,"",220 km/h,9.5 s,"",30.0 s,12.2 l/100km,9.1 l/100km,17.5 l/100km,72 l,590 km,791 km,411 km,"","",1520 kg,2030 kg,"","","","","","","",""
Alfa Romeo 166 II 3.0 i V6 24V 220KM 162kW 2001-2003,alfa romeo,166,https://www.autocentrum.pl/dane-techniczne/alfa-romeo/166/ii/silnik-benzynowy-3.0-i-v6-24v-220km-2001-2003/,4,5,"","",4720 mm,1815 mm,1406 mm,2700 mm,"","","","","","","","","","","","","","","","","","","","","","","","","","","","","","","","","","","","","","","",490 l,"","","","","","","","","","","","","","","","","",od 2001 do 2003 roku,2959 cm³,benzynowy,220 KM (162 kW) przy 6300 obr/min,265 Nm przy 5000 obr/min,"",DOHC,6,widlasty,24,10.0 : 1,93 × 72.6 mm,"",wielopunktowy (MPI),"z przodu, poprzecznie","","","",215/55 R16,"","","","",tarczowe wentylowane,tarczowe,"","","","","","",dwuwahaczowe,wielowahaczowe,"",automatyczna,6,na przednią oś,"","",236 km/h,8.6 s,"",28.5 s,13.0 l/100km,9.3 l/100km,19.4 l/100km,72 l,554 km,774 km,371 km,"","",1550 kg,2060 kg,"","","","","","","",""
Alfa Romeo 166 II 2.4 JTD 140KM 103kW 2001-2003,alfa romeo,166,https://www.autocentrum.pl/dane-techniczne/alfa-romeo/166/ii/silnik-diesla-2.4-jtd-140km-2001-2003/,4,5,"","",4720 mm,1815 mm,1406 mm,2700 mm,"","","","","","","","","","","","","","","","","","","","","","","","","","","","","","","","","","","","","","","",490 l,"","","","","","","","","","","","","","","","","",od 2001 do 2003 roku,2387 cm³,diesel,140 KM (103 kW) przy 4000 obr/min,305 Nm przy 1800 obr/min,turbosprężarkowe,SOHC (OHC),5,rzędowy,10,18.0 : 1,82 × 90.4 mm,"",bezpośredni Common Rail,"z przodu, poprzecznie","","","",205/55 R16,"","","","",tarczowe wentylowane,tarczowe,"","","","","","",dwuwahaczowe,system o architekturze Multilink,"",manualna,6,na przednią oś,"","",204 km/h,9.9 s,"",31.7 s,7.6 l/100km,6.0 l/100km,10.4 l/100km,72 l,947 km,1200 km,692 km,"","",1490 kg,2000 kg,"","","","","","","",""
Alfa Romeo 166 II 2.4 JTD 150KM 110kW 2002-2003,alfa romeo,166,https://www.autocentrum.pl/dane-techniczne/alfa-romeo/166/ii/silnik-diesla-2.4-jtd-150km-2002-2003/,4,5,"","",4720 mm,1815 mm,1406 mm,2700 mm,"","","","","","","","","","","","","","","","","","","","","","","","","","","","","","","","","","","","","","","",490 l,"","","","","","","","","","","","","","","","","",od 2002 do 2003 roku,2387 cm³,diesel,150 KM (110 kW) przy 4000 obr/min,305 Nm przy 1800 obr/min,turbosprężarkowe,"",5,rzędowy,10,19.0 : 1,82 × 90.4 mm,"",bezpośredni Common Rail,"z przodu, poprzecznie","","","",205/50 R16,"","","","",tarczowe wentylowane,tarczowe,"","","","","","",dwuwahaczowe,system o architekturze Multilink,"",manualna,6,na przednią oś,"","",210 km/h,9.9 s,"",31.7 s,7.5 l/100km,5.8 l/100km,10.4 l/100km,72 l,960 km,1241 km,692 km,"","",1490 kg,2000 kg,"","","","","","","",""
Alfa Romeo 166 III 2.0 i 16V T.Spark 150KM 110kW 2003-2007,alfa romeo,166,https://www.autocentrum.pl/dane-techniczne/alfa-romeo/166/iii/silnik-benzynowy-2.0-i-16v-t.spark-150km-2003-2007/,4,5,11.6 m,5.8 m,4720 mm,1800 mm,1406 mm,2700 mm,"","","","",130 mm,"","","","","","","","","","","","","","","","","","","","","","","","","","","","","","","","","","",490 l,"","","","","","","","","","","","","","","","","",od 2003 do 2007 roku,1970 cm³,benzynowy,150 KM (110 kW) przy 6300 obr/min,181 Nm przy 3800 obr/min,"",DOHC,4,rzędowy,24,10.0 : 1,83 × 91 mm,"",wielopunktowy (MPI),"z przodu, poprzecznie","","","",205/55 R16,"",6.5 X 16,"","",tarczowe wentylowane,tarczowe,"","","","","","",dwuwahaczowe,system o architekturze Multilink,"",manualna,6,na przednią oś,"","",211 km/h,9.8 s,"",30.8 s,9.7 l/100km,7.3 l/100km,13.8 l/100km,69 l,711 km,945 km,500 km,"","",1420 kg,1930 kg,"","","","","","","",""
Alfa Romeo 166 III 2.5 i V6 24V 188KM 138kW 2003-2007,alfa romeo,166,https://www.autocentrum.pl/dane-techniczne/alfa-romeo/166/iii/silnik-benzynowy-2.5-i-v6-24v-188km-2003-2007/,4,5,11.6 m,5.8 m,4720 mm,1800 mm,1406 mm,2700 mm,"","","","",130 mm,"","","","","","","","","","","","","","","","","","","","","","","","","","","","","","","","","","",490 l,"","","","","","","","","","","","","","","","","",od 2003 do 2007 roku,2492 cm³,benzynowy,188 KM (138 kW) przy 6300 obr/min,221 Nm przy 5000 obr/min,"",DOHC,6,widlasty,24,10.0 : 1,88 × 68.3 mm,"",wielopunktowy (MPI),"z przodu, poprzecznie","","","",205/55 R16,"",6.5 X 16,"","",tarczowe wentylowane,tarczowe,"","","","","","",dwuwahaczowe,system o architekturze Multilink,"",automatyczna,6,na przednią oś,Sportronic,"",220 km/h,9.5 s,"",30.0 s,12.2 l/100km,9.1 l/100km,17.5 l/100km,69 l,566 km,758 km,394 km,"","",1520 kg,2030 kg,"","","","","","","",""
Alfa Romeo 166 III 3.0 i V6 24V 220KM 162kW 2003-2007,alfa romeo,166,https://www.autocentrum.pl/dane-techniczne/alfa-romeo/166/iii/silnik-benzynowy-3.0-i-v6-24v-220km-2003-2007/,4,5,11.6 m,5.8 m,4720 mm,1800 mm,1406 mm,2700 mm,"","","","",130 mm,"","","","","","","","","","","","","","","","","","","","","","","","","","","","","","","","","","",490 l,"","","","","","","","","","","","","","","","","",od 2003 do 2007 roku,2959 cm³,benzynowy,220 KM (162 kW) przy 6300 obr/min,265 Nm przy 5000 obr/min,"",DOHC,6,widlasty,24,10.0 : 1,93 × 72.6 mm,"",wielopunktowy (MPI),"z przodu, poprzecznie","","","",215/55 R16,"","","","",tarczowe wentylowane,tarczowe,"","","","","","",dwuwahaczowe,system o architekturze Multilink,"",automatyczna,6,na przednią oś,Sportronic,"",236 km/h,8.6 s,"",28.5 s,13.0 l/100km,9.3 l/100km,19.4 l/100km,69 l,531 km,742 km,356 km,"","",1550 kg,2060 kg,"","","","","","","",4
Alfa Romeo 166 III 3.2 i V6 24V 240KM 177kW 2003-2007,alfa romeo,166,https://www.autocentrum.pl/dane-techniczne/alfa-romeo/166/iii/silnik-benzynowy-3.2-i-v6-24v-240km-2003-2007/,4,5,11.6 m,5.8 m,4720 mm,1800 mm,1406 mm,2700 mm,"","","","",130 mm,"","","","","","","","","","","","","","","","","","","","","","","","","","","","","","","","","","",490 l,"","","","","","","","","","","","","","","","","",od 2003 do 2007 roku,3179 cm³,benzynowy,240 KM (177 kW) przy 6200 obr/min,289 Nm przy 4900 obr/min,"",DOHC,6,widlasty,24,11.0 : 1,93 × 78 mm,"",wielopunktowy (MPI),"z przodu, poprzecznie","","","",205/55 R16,"",6.5J X 16,"7,50Jx17","",tarczowe wentylowane,tarczowe,"","","","","","",dwuwahaczowe,system o architekturze Multilink,"",manualna,6,na przednią oś,"","",245 km/h,7.4 s,"",27.5 s,12.5 l/100km,9.1 l/100km,18.3 l/100km,69 l,552 km,758 km,377 km,"",Euro 4,1540 kg,2020 kg,"","","",74 Ah,"","","",""
Alfa Romeo 166 III 2.4 JTD 140KM 103kW 2003-2007,alfa romeo,166,https://www.autocentrum.pl/dane-techniczne/alfa-romeo/166/iii/silnik-diesla-2.4-jtd-140km-2003-2007/,4,5,11.6 m,5.8 m,4720 mm,1800 mm,1406 mm,2700 mm,"","","","",130 mm,"","","","","","","","","","","","","","","","","","","","","","","","","","","","","","","","","","",490 l,"","","","","","","","","","","","","","","","","",od 2003 do 2007 roku,2387 cm³,diesel,140 KM (103 kW) przy 4000 obr/min,305 Nm przy 1800 obr/min,turbosprężarkowe,SOHC (OHC),5,rzędowy,10,18.0 : 1,82 × 90.4 mm,"",bezpośredni Common Rail,"z przodu, poprzecznie","","","",205/55 R16,"","","","",tarczowe wentylowane,tarczowe,"","","","","","",dwuwahaczowe,system o architekturze Multilink,"",manualna,6,na przednią oś,"","",204 km/h,9.9 s,"",31.7 s,7.6 l/100km,6.0 l/100km,10.4 l/100km,69 l,908 km,1150 km,663 km,"","",1490 kg,2000 kg,"","","","","","","",""
Alfa Romeo 166 III 2.4 JTD 150KM 110kW 2003-2007,alfa romeo,166,https://www.autocentrum.pl/dane-techniczne/alfa-romeo/166/iii/silnik-diesla-2.4-jtd-150km-2003-2007/,4,5,11.6 m,5.8 m,4720 mm,1800 mm,1406 mm,2700 mm,"","","","",130 mm,"","","","","","","","","","","","","","","","","","","","","","","","","","","","","","","","","","",490 l,"","","","","","","","","","","","","","","","","",od 2003 do 2007 roku,2387 cm³,diesel,150 KM (110 kW) przy 4000 obr/min,305 Nm przy 1800 obr/min,turbosprężarkowe,"",5,rzędowy,10,19.0 : 1,82 × 90.4 mm,"",bezpośredni Common Rail,"z przodu, poprzecznie","","","",205/50 R16,"","","","",tarczowe wentylowane,tarczowe,"","","","","","",dwuwahaczowe,system o architekturze Multilink,"",manualna,6,na przednią oś,"","",210 km/h,9.9 s,"",31.2 s,7.2 l/100km,5.8 l/100km,9.7 l/100km,69 l,958 km,1190 km,711 km,"","",1490 kg,2000 kg,"","","","","","","",""
Alfa Romeo 166 III 2.4 JTDM 185KM 136kW 2003-2007,alfa romeo,166,https://www.autocentrum.pl/dane-techniczne/alfa-romeo/166/iii/silnik-diesla-2.4-jtdm-185km-2003-2007/,4,5,11.6 m,5.8 m,4720 mm,1800 mm,1406 mm,2700 mm,"","","","",130 mm,"","","","","","","","","","","","","","","","","","","","","","","","","","","","","","","","","","",490 l,"","","","","","","","","","","","","","","","","",od 2003 do 2007 roku,2387 cm³,diesel,185 KM (136 kW) przy 4000 obr/min,385 Nm przy 2000 obr/min,turbosprężarkowe,DOHC,5,rzędowy,20,"",82 × 90.4 mm,"",bezpośredni Common Rail,"z przodu, poprzecznie","","","",205/55 R16,"","","","",tarczowe wentylowane,tarczowe,"","","","","","",dwuwahaczowe,system o architekturze Multilink,"",manualna,6,na przednią oś,"","",221 km/h,8.9 s,"","",7.5 l/100km,6.1 l/100km,9.9 l/100km,69 l,920 km,1131 km,697 km,"","",1540 kg,2000 kg,"","","","","","","",""
Alfa Romeo 166 III 2.4 JTDM 20V 175KM 129kW 2003-2007,alfa romeo,166,https://www.autocentrum.pl/dane-techniczne/alfa-romeo/166/iii/silnik-diesla-2.4-jtdm-20v-175km-2003-2007/,4,5,11.6 m,5.8 m,4720 mm,1800 mm,1406 mm,2700 mm,"","","","",130 mm,"","","","","","","","","","","","","","","","","","","","","","","","","","","","","","","","","","",490 l,"","","","","","","","","","","","","","","","","",od 2003 do 2007 roku,2387 cm³,diesel,175 KM (129 kW) przy 4000 obr/min,330 Nm przy 2000 obr/min,turbosprężarkowe,SOHC (OHC),5,rzędowy,20,18.0 : 1,82 × 90.4 mm,"",bezpośredni Common Rail,"z przodu, poprzecznie","","","",205/55 R16,"",6.5J X 16,"","",tarczowe wentylowane,tarczowe,"","","","","","",dwuwahaczowe,system o architekturze Multilink,"",automatyczna,6,na przednią oś,"","",218 km/h,8.9 s,"",29.0 s,8.9 l/100km,7.5 l/100km,12.1 l/100km,69 l,775 km,920 km,570 km,"","",1620 kg,2070 kg,"","","","","","","",""
Alfa Romeo 2000 Berlina 2.0 105KM 77kW 1958-1961,alfa romeo,2000,https://www.autocentrum.pl/dane-techniczne/alfa-romeo/2000/berlina/silnik-benzynowy-2.0-105km-1958-1961/,4,"","","",4390 mm,1565 mm,1430 mm,2570 mm,1324 mm,1274 mm,760 mm,1060 mm,"","","","","","","","","","","","","","","","","","","","","","","","","","","","","","","","","","","","","","","","","","","","","","","","","","","","","",od 1958 do 1961 roku,1974 cm³,benzynowy,105 KM (77 kW) przy 5300 obr/min,152 Nm przy 3500 obr/min,"",SOHC (OHC),4,rzędowy,8,"","","",gaźnik,"z przodu, podłużnie","","","","","","","","","","","","","","","","","","","",manualna,"",na tylną oś,"","",160 km/h,14.3 s,"","",10.5 l/100km,"","","","","","","","",1340 kg,1840 kg,"","","","","","","",""
Alfa Romeo 2000 Spider 2.0 115KM 85kW 1958-1961,alfa romeo,2000,https://www.autocentrum.pl/dane-techniczne/alfa-romeo/2000/spider/silnik-benzynowy-2.0-115km-1958-1961/,2,"","","",4496 mm,1650 mm,1320 mm,2500 mm,"","","","","","","","","","","","","","","","","","","","","","","","","","","","","","","","","","","","","","","","","","","","","","","","","","","","","","","","","",od 1958 do 1961 roku,1974 cm³,benzynowy,115 KM (85 kW) przy 5700 obr/min,152 Nm przy 3200 obr/min,"",SOHC (OHC),4,rzędowy,8,"","","",gaźnik,"z przodu, podłużnie","","","","","","","","","","","","","","","","","","","",manualna,"",na tylną oś,"","",175 km/h,11.2 s,"","",12.0 l/100km,"","","","","","","","",1180 kg,1400 kg,"","","","","","","",""
Alfa Romeo 2000 Sprint 2.0 115KM 85kW 1958-1961,alfa romeo,2000,https://www.autocentrum.pl/dane-techniczne/alfa-romeo/2000/sprint/silnik-benzynowy-2.0-115km-1958-1961/,2,"","","",4500 mm,1660 mm,1330 mm,2500 mm,"","","","","","","","","","","","","","","","","","","","","","","","","","","","","","","","","","","","","","","","","","","","","","","","","","","","","","","","","",od 1958 do 1961 roku,1974 cm³,benzynowy,115 KM (85 kW) przy 5700 obr/min,152 Nm przy 3500 obr/min,"",SOHC (OHC),4,rzędowy,8,"","","",gaźnik,"z przodu, podłużnie","","","","","","","","","","","","","","","","","","","",manualna,"",na tylną oś,"","",175 km/h,11.9 s,"","",10.0 l/100km,"","",60 l,600 km,"","","","",1240 kg,1620 kg,"","","","","","","",""
Alfa Romeo 33 I Hatchback 1.2 68KM 50kW 1983-1989,alfa romeo,33,https://www.autocentrum.pl/dane-techniczne/alfa-romeo/33/i/hatchback/silnik-benzynowy-1.2-68km-1983-1989/,5,5,"","",4075 mm,1615 mm,1350 mm,2475 mm,"","","","","","","","","","","","","","","","","","","","","","","","","","","","","","","","","","","","","","","","","","","","","","","","","","","","","","","","","",od 1983 do 1989 roku,1186 cm³,benzynowy,68 KM (50 kW) przy 6000 obr/min,92 Nm przy 3200 obr/min,"",SOHC (OHC),4,bokser,8,"","","",gaźnik,"z przodu, poprzecznie","","","",165/70 R13,"","","","",tarczowe,bębnowe,"","","","","","","","","",manualna,"",na przednią oś,"","",162 km/h,14.1 s,"","",6.5 l/100km,"","","","","","","","",890 kg,1315 kg,"","","","","","","",""
Alfa Romeo 33 I Hatchback 1.3 79KM 58kW 1983-1989,alfa romeo,33,https://www.autocentrum.pl/dane-techniczne/alfa-romeo/33/i/hatchback/silnik-benzynowy-1.3-79km-1983-1989/,5,5,"","",4075 mm,1615 mm,1350 mm,2475 mm,"","","","","","","","","","","","","","","","","","","","","","","","","","","","","","","","","","","","","","","","","","","","","","","","","","","","","","","","","",od 1983 do 1989 roku,1351 cm³,benzynowy,79 KM (58 kW) przy 6000 obr/min,111 Nm przy 3500 obr/min,"",SOHC (OHC),4,bokser,8,"","","",gaźnik,"z przodu, poprzecznie","","","",165/70 R13,"","","","",tarczowe,bębnowe,"","","","","","","","","",manualna,"",na przednią oś,"","",167 km/h,11.5 s,"",33.9 s,7.8 l/100km,5.8 l/100km,9.6 l/100km,"","","","","","",890 kg,1315 kg,"","","","","","","",""
Alfa Romeo 33 I Hatchback 1.3 86KM 63kW 1984-1990,alfa romeo,33,https://www.autocentrum.pl/dane-techniczne/alfa-romeo/33/i/hatchback/silnik-benzynowy-1.3-86km-1984-1990/,5,5,"","",4075 mm,1615 mm,1350 mm,2475 mm,"","","","","","","","","","","","","","","","","","","","","","","","","","","","","","","","","","","","","","","","","","","","","","","","","","","","","","","","","",od 1984 do 1990 roku,1351 cm³,benzynowy,86 KM (63 kW) przy 5800 obr/min,119 Nm przy 3500 obr/min,"",SOHC (OHC),4,bokser,8,"","","",gaźnik,"z przodu, poprzecznie","","","",165/70 R13,"","","","",tarczowe,bębnowe,"","","","","","","","","",manualna,"",na przednią oś,"","",172 km/h,11.0 s,"",32.8 s,7.7 l/100km,5.5 l/100km,9.7 l/100km,"","","","","","",890 kg,1315 kg,"","","","","","","",""
Alfa Romeo 33 I Hatchback 1.3 88KM 65kW 1984-1989,alfa romeo,33,https://www.autocentrum.pl/dane-techniczne/alfa-romeo/33/i/hatchback/silnik-benzynowy-1.3-88km-1984-1989/,5,5,"","",4075 mm,1615 mm,1350 mm,2475 mm,"","","","","","","","","","","","","","","","","","","","","","","","","","","","","","","","","","","","","","","","","","","","","","","","","","","","","","","","","",od 1984 do 1989 roku,1351 cm³,benzynowy,88 KM (65 kW) przy 5800 obr/min,119 Nm przy 3500 obr/min,"",SOHC (OHC),4,bokser,8,"","","",gaźnik,"z przodu, poprzecznie","","","",165/70 R13,"","","","",tarczowe,bębnowe,"","","","","","","","","",manualna,"",na przednią oś,"","",172 km/h,11.1 s,"",32.8 s,7.7 l/100km,5.5 l/100km,9.7 l/100km,"","","","","","",890 kg,1315 kg,"","","","","","","",""
Alfa Romeo 33 I Hatchback 1.5 105KM 77kW 1986-1989,alfa romeo,33,https://www.autocentrum.pl/dane-techniczne/alfa-romeo/33/i/hatchback/silnik-benzynowy-1.5-105km-1986-1989/,5,5,"","",4075 mm,1615 mm,1350 mm,2475 mm,"","","","","","","","","","","","","","","","","","","","","","","","","","","","","","","","","","","","","","","","","","","","","","","","","","","","","","","","","",od 1986 do 1989 roku,1490 cm³,benzynowy,105 KM (77 kW) przy 6000 obr/min,133 Nm przy 4000 obr/min,"",SOHC (OHC),4,bokser,8,"","","",gaźnik,"z przodu, poprzecznie","","","",165/70 R13,"","","","",tarczowe,bębnowe,"","","","","","","","","",manualna,"",4x4,"","",180 km/h,10.5 s,"",32.3 s,8.5 l/100km,6.1 l/100km,11.1 l/100km,"","","","","","",970 kg,1395 kg,"","","","","","","",""
Alfa Romeo 33 I Hatchback 1.5 4x4 102KM 75kW 1986-1989,alfa romeo,33,https://www.autocentrum.pl/dane-techniczne/alfa-romeo/33/i/hatchback/silnik-benzynowy-1.5-4x4-102km-1986-1989/,5,5,"","",4075 mm,1615 mm,1350 mm,2475 mm,"","","","","","","","","","","","","","","","","","","","","","","","","","","","","","","","","","","","","","","","","","","","","","","","","","","","","","","","","",od 1986 do 1989 roku,1490 cm³,benzynowy,102 KM (75 kW) przy 6000 obr/min,133 Nm przy 4000 obr/min,"",SOHC (OHC),4,bokser,8,9.5 : 1,84 × 67.2 mm,iskrowy,gaźnik,"","","","",175/70 R13,"","","","",tarczowe,tarczowe,"","","","","","","","",gazowe,manualna,5,4x4,"","",187 km/h,10.3 s,17.2 s,31.7 s,8.5 l/100km,6.1 l/100km,11.1 l/100km,"","","","","","",970 kg,1395 kg,"","","","","","","",""
Alfa Romeo 33 I Hatchback 1.5 4x4 105KM 77kW 1986-1989,alfa romeo,33,https://www.autocentrum.pl/dane-techniczne/alfa-romeo/33/i/hatchback/silnik-benzynowy-1.5-4x4-105km-1986-1989/,5,5,"","",4075 mm,1615 mm,1350 mm,2475 mm,"","","","","","","","","","","","","","","","","","","","","","","","","","","","","","","","","","","","","","","","","","","","","","","","","","","","","","","","","",od 1986 do 1989 roku,1490 cm³,benzynowy,105 KM (77 kW) przy 6000 obr/min,133 Nm przy 4000 obr/min,"",OHC z popychaczami hydraulicznymi (pasek zębaty),4,bokser,8,9.5 : 1,84 × 67.2 mm,iskrowy,gaźnik,"","","","",175/70 R13,"","","","",tarczowe,tarczowe,"","","","","","","","","",manualna,5,4x4,"","",187 km/h,10.3 s,17.2 s,31.7 s,8.5 l/100km,6.1 l/100km,11.1 l/100km,"","","","","","",970 kg,1395 kg,"","","","","","","",""
Alfa Romeo 33 I Hatchback 1.5 4x4 90KM 66kW 1985-1986,alfa romeo,33,https://www.autocentrum.pl/dane-techniczne/alfa-romeo/33/i/hatchback/silnik-benzynowy-1.5-4x4-90km-1985-1986/,5,5,"","",4075 mm,1615 mm,1350 mm,2475 mm,"","","","","","","","","","","","","","","","","","","","","","","","","","","","","","","","","","","","","","","","","","","","","","","","","","","","","","","","","",od 1985 do 1986 roku,1490 cm³,benzynowy,90 KM (66 kW) przy 5750 obr/min,130 Nm przy 4000 obr/min,"",SOHC (OHC),4,bokser,8,"","","",gaźnik,"z przodu, poprzecznie","","","",175/70 R13,"","","","",tarczowe,bębnowe,"","","","","","","","","",manualna,"",4x4,"","",165 km/h,11.6 s,"","",8.9 l/100km,"","","","","","","","",970 kg,1395 kg,"","","","","","","",""
Alfa Romeo 33 I Hatchback 1.5 4x4 94KM 69kW 1983-1984,alfa romeo,33,https://www.autocentrum.pl/dane-techniczne/alfa-romeo/33/i/hatchback/silnik-benzynowy-1.5-4x4-94km-1983-1984/,5,5,"","",4075 mm,1615 mm,1350 mm,2475 mm,"","","","","","","","","","","","","","","","","","","","","","","","","","","","","","","","","","","","","","","","","","","","","","","","","","","","","","","","","",od 1983 do 1984 roku,1490 cm³,benzynowy,94 KM (69 kW) przy 5800 obr/min,128 Nm przy 4500 obr/min,"",SOHC (OHC),4,bokser,8,9.5 : 1,84X67.2,iskrowy,gaźnik,"","","","",175/70 R13,"","","","",tarczowe,tarczowe,"","","","","","","","",gazowe,manualna,5,4x4,"","",181 km/h,11.0 s,17.7 s,32.6 s,11.7 l/100km,8.9 l/100km,13.6 l/100km,"","","","","","",970 kg,1395 kg,"","","","","","","",""
Alfa Romeo 33 I Hatchback 1.5 85KM 63kW 1983-1985,alfa romeo,33,https://www.autocentrum.pl/dane-techniczne/alfa-romeo/33/i/hatchback/silnik-benzynowy-1.5-85km-1983-1985/,5,5,"","",4075 mm,1615 mm,1350 mm,2475 mm,"","","","","","","","","","","","","","","","","","","","","","","","","","","","","","","","","","","","","","","","","","","","","","","","","","","","","","","","","",od 1983 do 1985 roku,1490 cm³,benzynowy,85 KM (63 kW) przy 5800 obr/min,121 Nm przy 3500 obr/min,"",SOHC (OHC),4,bokser,8,"","","",gaźnik,"z przodu, poprzecznie","","","",165/70 R13,"","","","",tarczowe,bębnowe,"","","","","","","","","",manualna,"",4x4,"","",165 km/h,13.8 s,"","",8.4 l/100km,6.1 l/100km,11.2 l/100km,"","","","","","",920 kg,1350 kg,"","","","","","","",""
Alfa Romeo 33 I Hatchback 1.5 95KM 70kW 1983-1986,alfa romeo,33,https://www.autocentrum.pl/dane-techniczne/alfa-romeo/33/i/hatchback/silnik-benzynowy-1.5-95km-1983-1986/,5,5,"","",4075 mm,1615 mm,1350 mm,2475 mm,"","","","","","","","","","","","","","","","","","","","","","","","","","","","","","","","","","","","","","","","","","","","","","","","","","","","","","","","","",od 1983 do 1986 roku,1490 cm³,benzynowy,95 KM (70 kW) przy 5750 obr/min,130 Nm przy 4000 obr/min,"",SOHC (OHC),4,bokser,8,"","","",gaźnik,"z przodu, poprzecznie","","","",165/70 R13,"","","","",tarczowe,bębnowe,"","","","","","","","","",manualna,"",4x4,"","",170 km/h,11.3 s,"",33.0 s,8.3 l/100km,6.1 l/100km,10.6 l/100km,"","","","","","",970 kg,1395 kg,"","","","","","","",""
Alfa Romeo 33 I Hatchback 1.5 QV 105KM 77kW 1984-1989,alfa romeo,33,https://www.autocentrum.pl/dane-techniczne/alfa-romeo/33/i/hatchback/silnik-benzynowy-1.5-qv-105km-1984-1989/,5,5,"","",4075 mm,1615 mm,1350 mm,2475 mm,"","","","","","","","","","","","","","","","","","","","","","","","","","","","","","","","","","","","","","","","","","","","","","","","","","","","","","","","","",od 1984 do 1989 roku,1490 cm³,benzynowy,105 KM (77 kW) przy 6000 obr/min,133 Nm przy 4000 obr/min,"",SOHC (OHC),4,bokser,8,10.0 : 1,84 × 67.2 mm,"",gaźnik,"z przodu, poprzecznie","","","",185/60 R14,"","","","",tarczowe,bębnowe,"","","","","","","","","",manualna,"",na przednią oś,"","",185 km/h,9.8 s,"",31.3 s,8.5 l/100km,5.9 l/100km,10.7 l/100km,"","","","","","",890 kg,"","","","","","","","",""
Alfa Romeo 33 I Hatchback 1.7 i.e. 117KM 86kW 1988-1989,alfa romeo,33,https://www.autocentrum.pl/dane-techniczne/alfa-romeo/33/i/hatchback/silnik-benzynowy-1.7-i.e.-117km-1988-1989/,5,5,"","",4075 mm,1615 mm,1350 mm,2475 mm,"","","","","","","","","","","","","","","","","","","","","","","","","","","","","","","","","","","","","","","","","","","","","","","","","","","","","","","","","",od 1988 do 1989 roku,1717 cm³,benzynowy,117 KM (86 kW) przy 5800 obr/min,147 Nm przy 3500 obr/min,"",SOHC (OHC),4,bokser,8,"","","","","z przodu, poprzecznie","","","",185/60 R14,"","","","",tarczowe,bębnowe,"","","","","","","","","",manualna,"",na przednią oś,"","",196 km/h,9.0 s,"",30.0 s,8.5 l/100km,5.9 l/100km,11.4 l/100km,"","","","","","",910 kg,1335 kg,"","","","","","","",""
Alfa Romeo 33 I Hatchback 1.7 QV 132KM 97kW 1988-1989,alfa romeo,33,https://www.autocentrum.pl/dane-techniczne/alfa-romeo/33/i/hatchback/silnik-benzynowy-1.7-qv-132km-1988-1989/,5,5,"","",4075 mm,1615 mm,1350 mm,2475 mm,"","","","","","","","","","","","","","","","","","","","","","","","","","","","","","","","","","","","","","","","","","","","","","","","","","","","","","","","","",od 1988 do 1989 roku,1712 cm³,benzynowy,132 KM (97 kW) przy 6500 obr/min,155 Nm przy 4600 obr/min,"",DOHC,4,bokser,16,10.0 : 1,87 × 72 mm,"","","z przodu, poprzecznie","","","",185/60 R14,"","","","",tarczowe wentylowane,bębnowe,"","","","","","","","","",manualna,"",na przednią oś,"","",205 km/h,8.2 s,"",29.3 s,7.9 l/100km,5.9 l/100km,10.4 l/100km,"","","","","","",1000 kg,"","","","","","","","",""
Alfa Romeo 33 I Hatchback 1.8 TD 73KM 54kW 1986-1990,alfa romeo,33,https://www.autocentrum.pl/dane-techniczne/alfa-romeo/33/i/hatchback/silnik-diesla-1.8-td-73km-1986-1990/,5,5,"","",4075 mm,1615 mm,1350 mm,2475 mm,"","","","","","","","","","","","","","","","","","","","","","","","","","","","","","","","","","","","","","","","","","","","","","","","","","","","","","","","","",od 1986 do 1990 roku,1779 cm³,diesel,73 KM (54 kW) przy 4000 obr/min,153 Nm przy 2400 obr/min,turbosprężarkowe,SOHC (OHC),3,rzędowy,6,"","","","","z przodu, poprzecznie","","","",175/70 R13,"","","","",tarczowe,bębnowe,"","","","","","","","","",manualna,"",na przednią oś,"","",165 km/h,14.0 s,"",35.6 s,6.4 l/100km,4.9 l/100km,7.3 l/100km,"","","","","","",1010 kg,1435 kg,"","","","","","","",""
Alfa Romeo 33 I Kombi 1.3 86KM 63kW 1986-1990,alfa romeo,33,https://www.autocentrum.pl/dane-techniczne/alfa-romeo/33/i/kombi/silnik-benzynowy-1.3-86km-1986-1990/,5,5,"","",4199 mm,1608 mm,1379 mm,2479 mm,1369 mm,1359 mm,"","","","","","","","","","","","","","","","","","","","","","","","","","","","","","","","","","","","","",428 l,"","","","","","","","","","","","","","","","","",od 1986 do 1990 roku,1351 cm³,benzynowy,86 KM (63 kW) przy 5800 obr/min,119 Nm przy 4000 obr/min,"",SOHC (OHC),4,bokser,8,"","","","","z przodu, poprzecznie","","","",165/70 R13,"","","","",tarczowe,bębnowe,"","","","","","","","","",manualna,"",na przednią oś,"","",172 km/h,10.7 s,"","",7.4 l/100km,"","","","","","","","",925 kg,1350 kg,"","","","","","","",""
Alfa Romeo 33 I Kombi 1.5 102KM 75kW 1986-1989,alfa romeo,33,https://www.autocentrum.pl/dane-techniczne/alfa-romeo/33/i/kombi/silnik-benzynowy-1.5-102km-1986-1989/,5,5,"","",4199 mm,1608 mm,1379 mm,2479 mm,1369 mm,1359 mm,"","","","","","","","","","","","","","","","","","","","","","","","","","","","","","","","","","","","","",428 l,"","","","","","","","","","","","","","","","","",od 1986 do 1989 roku,1490 cm³,benzynowy,102 KM (75 kW) przy 6000 obr/min,130 Nm przy 4000 obr/min,"",SOHC (OHC),4,bokser,8,"","","","","z przodu, poprzecznie","","","",165/70 R13,"","","","",tarczowe,bębnowe,"","","","","","","","","",manualna,"",4x4,"","",180 km/h,10.6 s,"","",8.5 l/100km,6.1 l/100km,11.1 l/100km,"","","","","","",990 kg,1415 kg,"","","","","","","",""
Alfa Romeo 33 I Kombi 1.5 105KM 77kW 1986-1989,alfa romeo,33,https://www.autocentrum.pl/dane-techniczne/alfa-romeo/33/i/kombi/silnik-benzynowy-1.5-105km-1986-1989/,5,5,"","",4199 mm,1608 mm,1379 mm,2479 mm,1369 mm,1359 mm,"","","","","","","","","","","","","","","","","","","","","","","","","","","","","","","","","","","","","",428 l,"","","","","","","","","","","","","","","","","",od 1986 do 1989 roku,1490 cm³,benzynowy,105 KM (77 kW) przy 6000 obr/min,133 Nm przy 4000 obr/min,"",SOHC (OHC),4,bokser,8,"","","",gaźnik,"z przodu, poprzecznie","","","",165/70 R13,"","","","",tarczowe,bębnowe,"","","","","","","","","",manualna,"",4x4,"","",182 km/h,10.9 s,"",31.4 s,8.7 l/100km,6.4 l/100km,11.2 l/100km,"","","","","","",990 kg,1415 kg,"","","","","","","",""
Alfa Romeo 33 I Kombi 1.5 4x4 102KM 75kW 1986-1989,alfa romeo,33,https://www.autocentrum.pl/dane-techniczne/alfa-romeo/33/i/kombi/silnik-benzynowy-1.5-4x4-102km-1986-1989/,5,5,"","",4199 mm,1608 mm,1379 mm,2479 mm,1369 mm,1359 mm,"","","","","","","","","","","","","","","","","","","","","","","","","","","","","","","","","","","","","",428 l,"","","","","","","","","","","","","","","","","",od 1986 do 1989 roku,1490 cm³,benzynowy,102 KM (75 kW) przy 6000 obr/min,133 Nm przy 4000 obr/min,"",SOHC (OHC),4,bokser,8,9.5 : 1,84 × 67.2 mm,iskrowy,gaźnik,"","","","",175/70 R13,"","","","",tarczowe,tarczowe,"","","","","","","","",gazowe,manualna,5,4x4,"","",179 km/h,10.5 s,17.4 s,32.1 s,11.8 l/100km,9.1 l/100km,13.5 l/100km,"","","","","","",990 kg,1415 kg,"","","","","","","",""
Alfa Romeo 33 I Kombi 1.5 4x4 105KM 77kW 1986-1989,alfa romeo,33,https://www.autocentrum.pl/dane-techniczne/alfa-romeo/33/i/kombi/silnik-benzynowy-1.5-4x4-105km-1986-1989/,5,5,"","",4199 mm,1608 mm,1379 mm,2479 mm,1369 mm,1359 mm,"","","","","","","","","","","","","","","","","","","","","","","","","","","","","","","","","","","","","",428 l,"","","","","","","","","","","","","","","","","",od 1986 do 1989 roku,1490 cm³,benzynowy,105 KM (77 kW) przy 6000 obr/min,133 Nm przy 4000 obr/min,"",SOHC (OHC),4,bokser,8,9.5 : 1,84 × 67.2 mm,iskrowy,wielopunktowy (MPI),"","","","",175/70 R13,"","","","","","","","","","","","","","",gazowe,manualna,5,4x4,"","",179 km/h,10.5 s,17.4 s,32.1 s,8.5 l/100km,6.1 l/100km,11.1 l/100km,"","","","","","",990 kg,1415 kg,"","","","","","","",""
Alfa Romeo 33 I Kombi 1.5 4x4 97KM 71kW 1984-1986,alfa romeo,33,https://www.autocentrum.pl/dane-techniczne/alfa-romeo/33/i/kombi/silnik-benzynowy-1.5-4x4-97km-1984-1986/,5,5,"","",4199 mm,1608 mm,1379 mm,2479 mm,1369 mm,1359 mm,"","","","","","","","","","","","","","","","","","","","","","","","","","","","","","","","","","","","","",428 l,"","","","","","","","","","","","","","","","","",od 1984 do 1986 roku,1490 cm³,benzynowy,97 KM (71 kW) przy 5800 obr/min,128 Nm przy 4500 obr/min,"",SOHC (OHC),4,bokser,80,9.5 : 1,84 × 67.2 mm,iskrowy,gaźnik,"","","","",175/70 R13,"","","","",tarczowe,tarczowe,"","","","","","","","",gazowe,manualna,5,4x4,"","",174 km/h,11.3 s,17.9 s,33.0 s,11.9 l/100km,9.1 l/100km,13.7 l/100km,"","","","","","",990 kg,1415 kg,"","","","","","","",""
Alfa Romeo 33 I Kombi 1.5 95KM 70kW 1984-1986,alfa romeo,33,https://www.autocentrum.pl/dane-techniczne/alfa-romeo/33/i/kombi/silnik-benzynowy-1.5-95km-1984-1986/,5,5,"","",4199 mm,1608 mm,1379 mm,2479 mm,1369 mm,1359 mm,"","","","","","","","","","","","","","","","","","","","","","","","","","","","","","","","","","","","","",428 l,"","","","","","","","","","","","","","","","","",od 1984 do 1986 roku,1490 cm³,benzynowy,95 KM (70 kW) przy 5750 obr/min,130 Nm przy 4000 obr/min,"",SOHC (OHC),4,bokser,8,"","","",gaźnik,"z przodu, poprzecznie","","","",175/70 R13,"","","","",tarczowe,bębnowe,"","","","","","","","","",manualna,"",4x4,"","",170 km/h,11.6 s,"",33.0 s,8.6 l/100km,6.3 l/100km,11.4 l/100km,"","","","","","",990 kg,1415 kg,"","","","","","","",""
Alfa Romeo 33 I Kombi 1.7 117KM 86kW 1988-1989,alfa romeo,33,https://www.autocentrum.pl/dane-techniczne/alfa-romeo/33/i/kombi/silnik-benzynowy-1.7-117km-1988-1989/,5,5,"","",4199 mm,1608 mm,1379 mm,2479 mm,1369 mm,1359 mm,"","","","","","","","","","","","","","","","","","","","","","","","","","","","","","","","","","","","","",428 l,"","","","","","","","","","","","","","","","","",od 1988 do 1989 roku,1717 cm³,benzynowy,117 KM (86 kW) przy 5800 obr/min,147 Nm przy 3500 obr/min,"",SOHC (OHC),4,bokser,8,"","","","","z przodu, poprzecznie","","","",185/60 R14,"","","","",tarczowe,bębnowe,"","","","","","","","","",manualna,"",na przednią oś,"","",193 km/h,9.4 s,"","",8.5 l/100km,5.8 l/100km,11.5 l/100km,"","","","","","",925 kg,1350 kg,"","","","","","","",""
Alfa Romeo 33 I Kombi 1.7 i.e. 105KM 77kW 1988-1989,alfa romeo,33,https://www.autocentrum.pl/dane-techniczne/alfa-romeo/33/i/kombi/silnik-benzynowy-1.7-i.e.-105km-1988-1989/,5,5,"","",4199 mm,1608 mm,1379 mm,2479 mm,1369 mm,1359 mm,"","","","","","","","","","","","","","","","","","","","","","","","","","","","","","","","","","","","","",428 l,"","","","","","","","","","","","","","","","","",od 1988 do 1989 roku,1717 cm³,benzynowy,105 KM (77 kW) przy 5800 obr/min,145 Nm przy 4500 obr/min,"",SOHC (OHC),4,bokser,8,"","","","","z przodu, poprzecznie","","","",185/60 R14,"","","","",tarczowe,bębnowe,"","","","","","","","","",manualna,"",4x4,"","",178 km/h,9.9 s,"","",8.7 l/100km,"","","","","","","","",1010 kg,1435 kg,"","","","","","","",""
Alfa Romeo 33 I Kombi 1.7 i.e. 4x4 105KM 77kW 1988-1989,alfa romeo,33,https://www.autocentrum.pl/dane-techniczne/alfa-romeo/33/i/kombi/silnik-benzynowy-1.7-i.e.-4x4-105km-1988-1989/,5,5,"","",4199 mm,1608 mm,1379 mm,2479 mm,1369 mm,1359 mm,"","","","","","","","","","","","","","","","","","","","","","","","","","","","","","","","","","","","","",428 l,"","","","","","","","","","","","","","","","","",od 1988 do 1989 roku,1717 cm³,benzynowy,105 KM (77 kW) przy 5800 obr/min,145 Nm przy 4500 obr/min,"",SOHC (OHC),4,bokser,8,9.5 : 1,87 × 72.2 mm,iskrowy,pośredni,"","","","",185/60 R14,"","","","",tarczowe,tarczowe,"","","","","","","","",gazowe,manualna,5,4x4,"","",181 km/h,10.2 s,17.2 s,31.8 s,9.9 l/100km,7.7 l/100km,11.3 l/100km,"","","","","","",1010 kg,1435 kg,"","","","","","","",""
Alfa Romeo 33 I Kombi 1.8 TD 73KM 54kW 1986-1988,alfa romeo,33,https://www.autocentrum.pl/dane-techniczne/alfa-romeo/33/i/kombi/silnik-diesla-1.8-td-73km-1986-1988/,5,5,"","",4199 mm,1608 mm,1379 mm,2479 mm,1369 mm,1359 mm,"","","","","","","","","","","","","","","","","","","","","","","","","","","","","","","","","","","","","",428 l,"","","","","","","","","","","","","","","","","",od 1986 do 1988 roku,1779 cm³,diesel,73 KM (54 kW) przy 4000 obr/min,153 Nm przy 2400 obr/min,turbosprężarkowe,SOHC (OHC),3,rzędowy,6,"","","","","z przodu, poprzecznie","","","",175/70 R13,"","","","",tarczowe,bębnowe,"","","","","","","","","",manualna,"",na przednią oś,"","",165 km/h,13.2 s,"",35.6 s,6.4 l/100km,4.9 l/100km,7.3 l/100km,"","","","","","",1025 kg,1450 kg,"","","","","","","",""
Alfa Romeo 33 II Hatchback 1.3 88KM 65kW 1991-1994,alfa romeo,33,https://www.autocentrum.pl/dane-techniczne/alfa-romeo/33/ii/hatchback/silnik-benzynowy-1.3-88km-1991-1994/,4,5,"","",4075 mm,1615 mm,1350 mm,2470 mm,"","","","","","","","","","","","","","","","","","","","","","","","","","","","","","","","","","","","","","","",290 l,1050 l,"","","","","","","","","","","","","","","","",od 1991 do 1994 roku,1351 cm³,benzynowy,88 KM (65 kW) przy 6000 obr/min,122 Nm przy 4000 obr/min,"",SOHC (OHC),4,bokser,8,"","","","","z przodu, poprzecznie","","","",165/70 R13,"","","","",tarczowe,bębnowe,"","","","","","","","","",manualna,"",na przednią oś,"","",176 km/h,10.3 s,"","",7.8 l/100km,5.7 l/100km,9.9 l/100km,50 l,641 km,877 km,505 km,"","",940 kg,1350 kg,"","","","","","","",""
Alfa Romeo 33 II Hatchback 1.3 i.e. 87KM 64kW 1991-1994,alfa romeo,33,https://www.autocentrum.pl/dane-techniczne/alfa-romeo/33/ii/hatchback/silnik-benzynowy-1.3-i.e.-87km-1991-1994/,4,5,"","",4075 mm,1615 mm,1350 mm,2470 mm,"","","","","","","","","","","","","","","","","","","","","","","","","","","","","","","","","","","","","","","",290 l,1050 l,"","","","","","","","","","","","","","","","",od 1991 do 1994 roku,1351 cm³,benzynowy,87 KM (64 kW) przy 6000 obr/min,109 Nm przy 3200 obr/min,"",SOHC (OHC),4,bokser,8,10.0 : 1,"","","","z przodu, poprzecznie","","","",165/70 R13,"","","","",tarczowe,bębnowe,"","","","","","","","","",manualna,5,na przednią oś,"","",178 km/h,11.5 s,"",33.5 s,7.6 l/100km,5.8 l/100km,9.3 l/100km,50 l,658 km,862 km,538 km,"","",970 kg,1395 kg,"","","","","","","",""
Alfa Romeo 33 II Hatchback 1.3 i.e. 90KM 66kW 1991-1994,alfa romeo,33,https://www.autocentrum.pl/dane-techniczne/alfa-romeo/33/ii/hatchback/silnik-benzynowy-1.3-i.e.-90km-1991-1994/,4,5,"","",4075 mm,1615 mm,1350 mm,2470 mm,"","","","","","","","","","","","","","","","","","","","","","","","","","","","","","","","","","","","","","","",290 l,1050 l,"","","","","","","","","","","","","","","","",od 1991 do 1994 roku,1351 cm³,benzynowy,90 KM (66 kW) przy 6000 obr/min,116 Nm przy 4500 obr/min,"",SOHC (OHC),4,bokser,8,10.0 : 1,"","","","z przodu, poprzecznie","","","",165/70 R13,"","","","",tarczowe,bębnowe,"","","","","","","","","",manualna,5,na przednią oś,"","",178 km/h,11.5 s,"",33.5 s,7.7 l/100km,5.8 l/100km,9.5 l/100km,50 l,649 km,862 km,526 km,"","",970 kg,1395 kg,"","","","","","","",""
Alfa Romeo 33 II Hatchback 1.5 105KM 77kW 1990-1991,alfa romeo,33,https://www.autocentrum.pl/dane-techniczne/alfa-romeo/33/ii/hatchback/silnik-benzynowy-1.5-105km-1990-1991/,4,5,"","",4075 mm,1615 mm,1350 mm,2470 mm,"","","","","","","","","","","","","","","","","","","","","","","","","","","","","","","","","","","","","","","",290 l,1050 l,"","","","","","","","","","","","","","","","",od 1990 do 1991 roku,1490 cm³,benzynowy,105 KM (77 kW) przy 6000 obr/min,136 Nm przy 4500 obr/min,"",SOHC (OHC),4,bokser,8,10.0 : 1,"","",gaźnik,"z przodu, poprzecznie","","","",165/70 R13,"","","","",tarczowe,bębnowe,"","","","","","","","","",manualna,5,na przednią oś,"","",188 km/h,9.8 s,"",31.2 s,8.1 l/100km,6.0 l/100km,10.4 l/100km,50 l,617 km,833 km,481 km,"","",940 kg,1350 kg,"","","","","","","",""
Alfa Romeo 33 II Hatchback 1.5 97KM 71kW 1991-1994,alfa romeo,33,https://www.autocentrum.pl/dane-techniczne/alfa-romeo/33/ii/hatchback/silnik-benzynowy-1.5-97km-1991-1994/,4,5,"","",4075 mm,1615 mm,1350 mm,2470 mm,"","","","","","","","","","","","","","","","","","","","","","","","","","","","","","","","","","","","","","","",290 l,1050 l,"","","","","","","","","","","","","","","","",od 1991 do 1994 roku,1490 cm³,benzynowy,97 KM (71 kW) przy 6000 obr/min,128 Nm przy 4500 obr/min,"",SOHC (OHC),4,bokser,8,10.0 : 1,"","","","z przodu, poprzecznie","","","",165/70 R13,"","","","",tarczowe,bębnowe,"","","","","","","","","",manualna,5,na przednią oś,"","",180 km/h,10.7 s,"",32.2 s,7.8 l/100km,6.0 l/100km,9.5 l/100km,50 l,641 km,833 km,526 km,"","",970 kg,1395 kg,"","","","","","","",""
Alfa Romeo 33 II Hatchback 1.7 16V 129KM 95kW 1990-1994,alfa romeo,33,https://www.autocentrum.pl/dane-techniczne/alfa-romeo/33/ii/hatchback/silnik-benzynowy-1.7-16v-129km-1990-1994/,4,5,"","",4075 mm,1615 mm,1350 mm,2470 mm,"","","","","","","","","","","","","","","","","","","","","","","","","","","","","","","","","","","","","","","",290 l,1050 l,"","","","","","","","","","","","","","","","",od 1990 do 1994 roku,1712 cm³,benzynowy,129 KM (95 kW) przy 6500 obr/min,155 Nm przy 4600 obr/min,"",SOHC (OHC),4,bokser,16,10.0 : 1,87 × 72 mm,iskrowy,pośredni,"","","","",185/60 R14,"","","","",tarczowe wentylowane,tarczowe,"","","","","","","","","",manualna,5,na przednią oś,"","",203 km/h,8.4 s,16.3 s,29.5 s,8.1 l/100km,5.9 l/100km,10.5 l/100km,50 l,617 km,847 km,476 km,"","",1000 kg,1425 kg,"","","","","","","",""
Alfa Romeo 33 II Hatchback 1.7 16V 132KM 97kW 1990-1992,alfa romeo,33,https://www.autocentrum.pl/dane-techniczne/alfa-romeo/33/ii/hatchback/silnik-benzynowy-1.7-16v-132km-1990-1992/,4,5,"","",4075 mm,1615 mm,1350 mm,2470 mm,"","","","","","","","","","","","","","","","","","","","","","","","","","","","","","","","","","","","","","","",290 l,1050 l,"","","","","","","","","","","","","","","","",od 1990 do 1992 roku,1712 cm³,benzynowy,132 KM (97 kW) przy 6500 obr/min,155 Nm przy 4600 obr/min,"",DOHC,4,bokser,16,10.0 : 1,"","","","z przodu, poprzecznie","","","",185/60 R14,"","","","",tarczowe,tarczowe,"","","","","","","","","",manualna,5,4x4,"","",202 km/h,8.7 s,"","",8.2 l/100km,6.0 l/100km,10.6 l/100km,50 l,610 km,833 km,472 km,"","",1030 kg,1470 kg,"","","","","","","",""
Alfa Romeo 33 II Hatchback 1.7 16V 4x4 129KM 95kW 1990-1994,alfa romeo,33,https://www.autocentrum.pl/dane-techniczne/alfa-romeo/33/ii/hatchback/silnik-benzynowy-1.7-16v-4x4-129km-1990-1994/,4,5,"","",4075 mm,1615 mm,1350 mm,2470 mm,"","","","","","","","","","","","","","","","","","","","","","","","","","","","","","","","","","","","","","","",290 l,1050 l,"","","","","","","","","","","","","","","","",od 1990 do 1994 roku,1712 cm³,benzynowy,129 KM (95 kW) przy 6500 obr/min,155 Nm przy 4600 obr/min,"",SOHC (OHC),4,bokser,16,10.0 : 1,87 × 72 mm,iskrowy,wielopunktowy (MPI),"","","","",185/60 R14,"","","","",tarczowe,tarczowe,"","","","","","","","",gazowe,manualna,5,na przednią oś,"","",208 km/h,8.4 s,16.3 s,29.5 s,8.1 l/100km,5.9 l/100km,10.5 l/100km,50 l,617 km,847 km,476 km,"","",1000 kg,1425 kg,"","","","","","","",""
Alfa Romeo 33 II Hatchback 1.7 16V 4x4 132KM 97kW 1990-1994,alfa romeo,33,https://www.autocentrum.pl/dane-techniczne/alfa-romeo/33/ii/hatchback/silnik-benzynowy-1.7-16v-4x4-132km-1990-1994/,4,5,"","",4075 mm,1615 mm,1350 mm,2470 mm,"","","","","","","","","","","","","","","","","","","","","","","","","","","","","","","","","","","","","","","",290 l,1050 l,"","","","","","","","","","","","","","","","",od 1990 do 1994 roku,1712 cm³,benzynowy,132 KM (97 kW) przy 6500 obr/min,155 Nm,"",SOHC (OHC),4,bokser,4,10.0 : 1,"","",wielopunktowy (MPI),"z przodu, poprzecznie","","","",185/60 R14,"","","","",tarczowe wentylowane,tarczowe,"","","","","","","","","",manualna,5,4x4,"","","","","","","","","",50 l,"","","","","",1050 kg,1475 kg,"","","","","","","",""
Alfa Romeo 33 II Hatchback 1.7 i.e. 107KM 79kW 1990-1992,alfa romeo,33,https://www.autocentrum.pl/dane-techniczne/alfa-romeo/33/ii/hatchback/silnik-benzynowy-1.7-i.e.-107km-1990-1992/,4,5,"","",4075 mm,1615 mm,1350 mm,2470 mm,"","","","","","","","","","","","","","","","","","","","","","","","","","","","","","","","","","","","","","","",290 l,1050 l,"","","","","","","","","","","","","","","","",od 1990 do 1992 roku,1712 cm³,benzynowy,107 KM (79 kW) przy 5800 obr/min,149 Nm przy 4500 obr/min,"",SOHC (OHC),4,bokser,8,10.0 : 1,"","","","z przodu, poprzecznie","","","",185/60 R14,"","","","",tarczowe,bębnowe,"","","","","","","","","",manualna,5,4x4,"","",185 km/h,10.2 s,"",32.5 s,8.0 l/100km,5.8 l/100km,10.5 l/100km,50 l,625 km,862 km,476 km,"","",1020 kg,1445 kg,"","","","","","","",""
Alfa Romeo 33 II Hatchback 1.7 i.e. 117KM 86kW 1992-1994,alfa romeo,33,https://www.autocentrum.pl/dane-techniczne/alfa-romeo/33/ii/hatchback/silnik-benzynowy-1.7-i.e.-117km-1992-1994/,4,5,"","",4075 mm,1615 mm,1350 mm,2470 mm,"","","","","","","","","","","","","","","","","","","","","","","","","","","","","","","","","","","","","","","",290 l,1050 l,"","","","","","","","","","","","","","","","",od 1992 do 1994 roku,1712 cm³,benzynowy,117 KM (86 kW) przy 5800 obr/min,153 Nm przy 3500 obr/min,"",SOHC (OHC),4,bokser,8,10.0 : 1,87 × 72 mm,"","","z przodu, poprzecznie","","","",185/60 R14,"","","","",tarczowe wentylowane,bębnowe,"","","","","","","","","",manualna,"",na przednią oś,"","",200 km/h,9.0 s,"",30.0 s,8.2 l/100km,5.8 l/100km,11.3 l/100km,50 l,610 km,862 km,442 km,"","",895 kg,"","","","","","","","",""
Alfa Romeo 33 II Hatchback 1.7 i.e. 4x4 107KM 79kW 1990-1992,alfa romeo,33,https://www.autocentrum.pl/dane-techniczne/alfa-romeo/33/ii/hatchback/silnik-benzynowy-1.7-i.e.-4x4-107km-1990-1992/,4,5,"","",4075 mm,1615 mm,1350 mm,2470 mm,"","","","","","","","","","","","","","","","","","","","","","","","","","","","","","","","","","","","","","","",290 l,1050 l,"","","","","","","","","","","","","","","","",od 1990 do 1992 roku,1712 cm³,benzynowy,107 KM (79 kW) przy 5800 obr/min,149 Nm,"",SOHC (OHC),4,bokser,2,10.0 : 1,"","",wielopunktowy (MPI),"z przodu, poprzecznie","","","",185/60 R14,"","","","",tarczowe wentylowane,tarczowe,"","","","","","","","","",manualna,5,4x4,"","",185 km/h,10.2 s,"","",7.6 l/100km,"",10.9 l/100km,50 l,658 km,"",459 km,"","",1020 kg,1445 kg,"","","","","","","",""
Alfa Romeo 33 II Hatchback 1.8 TD 84KM 62kW 1990-1994,alfa romeo,33,https://www.autocentrum.pl/dane-techniczne/alfa-romeo/33/ii/hatchback/silnik-diesla-1.8-td-84km-1990-1994/,4,5,"","",4075 mm,1615 mm,1350 mm,2470 mm,"","","","","","","","","","","","","","","","","","","","","","","","","","","","","","","","","","","","","","","",290 l,1050 l,"","","","","","","","","","","","","","","","",od 1990 do 1994 roku,1779 cm³,diesel,84 KM (62 kW) przy 4200 obr/min,178 Nm przy 2400 obr/min,turbosprężarkowe,SOHC (OHC),3,rzędowy,6,22.0 : 1,"","","","z przodu, poprzecznie","","","",175/70 R13,"","","","",tarczowe,bębnowe,"","","","","","","","","",manualna,5,na przednią oś,"","",171 km/h,13.7 s,"",34.7 s,6.4 l/100km,4.9 l/100km,7.3 l/100km,50 l,781 km,1020 km,685 km,"","",1040 kg,1465 kg,"","","","","","","",""
Alfa Romeo 33 II Kombi 1.3 i.e. 88KM 65kW 1991-1994,alfa romeo,33,https://www.autocentrum.pl/dane-techniczne/alfa-romeo/33/ii/kombi/silnik-benzynowy-1.3-i.e.-88km-1991-1994/,5,5,"","",4200 mm,1615 mm,1350 mm,2475 mm,"","","","","","","","","","","","","","","","","","","","","","","","","","","","","","","","","","","","","","","",290 l,1200 l,"","","","","","","","","","","","","","","","",od 1991 do 1994 roku,1351 cm³,benzynowy,88 KM (65 kW) przy 6000 obr/min,122 Nm przy 4000 obr/min,"",SOHC (OHC),4,bokser,8,10.0 : 1,"","","","z przodu, poprzecznie","","","",165/70 R13,"","","","",tarczowe,bębnowe,"","","","","","","","","",manualna,5,4x4,"","",172 km/h,10.8 s,"",32.8 s,7.8 l/100km,5.6 l/100km,9.9 l/100km,50 l,641 km,893 km,505 km,"","",1005 kg,1430 kg,"","","","","","","",""
Alfa Romeo 33 II Kombi 1.3 i.e. 90KM 66kW 1991-1994,alfa romeo,33,https://www.autocentrum.pl/dane-techniczne/alfa-romeo/33/ii/kombi/silnik-benzynowy-1.3-i.e.-90km-1991-1994/,5,5,"","",4200 mm,1615 mm,1350 mm,2475 mm,"","","","","","","","","","","","","","","","","","","","","","","","","","","","","","","","","","","","","","","",290 l,1200 l,"","","","","","","","","","","","","","","","",od 1991 do 1994 roku,1351 cm³,benzynowy,90 KM (66 kW) przy 6000 obr/min,116 Nm przy 4500 obr/min,"",SOHC (OHC),4,bokser,8,10.0 : 1,"","","","z przodu, poprzecznie","","","",165/70 R13,"","","","",tarczowe,bębnowe,"","","","","","","","","",manualna,5,4x4,"","",174 km/h,12.0 s,"",34.0 s,8.0 l/100km,6.3 l/100km,9.7 l/100km,50 l,625 km,794 km,515 km,"","",1025 kg,1455 kg,"","","","","","","",""
Alfa Romeo 33 II Kombi 1.4 i.e. 4x4 90KM 66kW 1991-1994,alfa romeo,33,https://www.autocentrum.pl/dane-techniczne/alfa-romeo/33/ii/kombi/silnik-benzynowy-1.4-i.e.-4x4-90km-1991-1994/,5,5,"","",4200 mm,1615 mm,1350 mm,2475 mm,"","","","","","","","","","","","","","","","","","","","","","","","","","","","","","","","","","","","","","","",290 l,1200 l,"","","","","","","","","","","","","","","","",od 1991 do 1994 roku,1351 cm³,benzynowy,90 KM (66 kW) przy 6000 obr/min,116 Nm,"",SOHC (OHC),4,bokser,2,10.0 : 1,"","",wielopunktowy (MPI),"z przodu, poprzecznie","","","",165/70 R13,"","","","",tarczowe,bębnowe,"","","","","","","","","",manualna,5,4x4,"","",174 km/h,12.0 s,"","",8.3 l/100km,"",9.6 l/100km,50 l,602 km,"",521 km,"","",1005 kg,1430 kg,"","","","","","","",""
Alfa Romeo 33 II Kombi 1.5 i.e 95KM 70kW 1990-1994,alfa romeo,33,https://www.autocentrum.pl/dane-techniczne/alfa-romeo/33/ii/kombi/silnik-benzynowy-1.5-i.e-95km-1990-1994/,5,5,"","",4200 mm,1615 mm,1350 mm,2475 mm,"","","","","","","","","","","","","","","","","","","","","","","","","","","","","","","","","","","","","","","",290 l,1200 l,"","","","","","","","","","","","","","","","",od 1990 do 1994 roku,1490 cm³,benzynowy,95 KM (70 kW) przy 6000 obr/min,133 Nm przy 4000 obr/min,"",SOHC (OHC),4,bokser,8,10.0 : 1,84 × 67.2 mm,"","","z przodu, poprzecznie","","","",185/60 R14,"","","","",tarczowe,bębnowe,"","","","","","","","","",manualna,5,na przednią oś,"","",179 km/h,10.9 s,"","",7.8 l/100km,5.6 l/100km,9.8 l/100km,50 l,641 km,893 km,510 km,"","",985 kg,1410 kg,"","","","","","","",""
Alfa Romeo 33 II Kombi 1.7 16V 129KM 95kW 1990-1994,alfa romeo,33,https://www.autocentrum.pl/dane-techniczne/alfa-romeo/33/ii/kombi/silnik-benzynowy-1.7-16v-129km-1990-1994/,5,5,"","",4200 mm,1615 mm,1350 mm,2475 mm,"","","","","","","","","","","","","","","","","","","","","","","","","","","","","","","","","","","","","","","",290 l,1200 l,"","","","","","","","","","","","","","","","",od 1990 do 1994 roku,1712 cm³,benzynowy,129 KM (95 kW) przy 6500 obr/min,155 Nm przy 4600 obr/min,"",OHC z popychaczami hydraulicznymi (pasek zębaty),4,rzędowy,16,10.0 : 1,87 × 72 mm,iskrowy,wielopunktowy (MPI),"","","","",185/60 R14,"","","","",tarczowe wentylowane,tarczowe,"","","","","","","","","","","","","","","","","","","","","","","","","","","","","","","","","","","","",""
Alfa Romeo 33 II Kombi 1.7 16V 132KM 97kW 1990-1994,alfa romeo,33,https://www.autocentrum.pl/dane-techniczne/alfa-romeo/33/ii/kombi/silnik-benzynowy-1.7-16v-132km-1990-1994/,5,5,"","",4200 mm,1615 mm,1350 mm,2475 mm,"","","","","","","","","","","","","","","","","","","","","","","","","","","","","","","","","","","","","","","",290 l,1200 l,"","","","","","","","","","","","","","","","",od 1990 do 1994 roku,1712 cm³,benzynowy,132 KM (97 kW) przy 6500 obr/min,155 Nm przy 4600 obr/min,"",DOHC,4,bokser,16,10.0 : 1,"","","","z przodu, poprzecznie","","","",185/60 R14,"","","","",tarczowe,tarczowe,"","","","","","","","","",manualna,5,4x4,"","",202 km/h,8.7 s,"","",8.5 l/100km,6.5 l/100km,10.6 l/100km,50 l,588 km,769 km,472 km,"","",1030 kg,1470 kg,"","","","","","","",""
Alfa Romeo 33 II Kombi 1.7 16V 4x4 129KM 95kW 1990-1994,alfa romeo,33,https://www.autocentrum.pl/dane-techniczne/alfa-romeo/33/ii/kombi/silnik-benzynowy-1.7-16v-4x4-129km-1990-1994/,5,5,"","",4200 mm,1615 mm,1350 mm,2475 mm,"","","","","","","","","","","","","","","","","","","","","","","","","","","","","","","","","","","","","","","",290 l,1200 l,"","","","","","","","","","","","","","","","",od 1990 do 1994 roku,1712 cm³,benzynowy,129 KM (95 kW) przy 6500 obr/min,155 Nm przy 4600 obr/min,"",SOHC (OHC),4,bokser,16,10.0 : 1,87 × 72 mm,iskrowy,wielopunktowy (MPI),"","","","",185/60 R14,"","","","",tarczowe,tarczowe,"","","","","","","","",gazowe,manualna,5,4x4,"","",204 km/h,8.6 s,16.4 s,29.8 s,8.3 l/100km,6.4 l/100km,10.4 l/100km,50 l,602 km,781 km,481 km,"","",1015 kg,1440 kg,"","","","","","","",""
Alfa Romeo 33 II Kombi 1.7 16V 4x4 132KM 97kW 1990-1992,alfa romeo,33,https://www.autocentrum.pl/dane-techniczne/alfa-romeo/33/ii/kombi/silnik-benzynowy-1.7-16v-4x4-132km-1990-1992/,5,5,"","",4200 mm,1615 mm,1350 mm,2475 mm,"","","","","","","","","","","","","","","","","","","","","","","","","","","","","","","","","","","","","","","",290 l,1200 l,"","","","","","","","","","","","","","","","",od 1990 do 1992 roku,1712 cm³,benzynowy,132 KM (97 kW) przy 6500 obr/min,155 Nm,"",SOHC (OHC),4,bokser,4,10.0 : 1,"","",wielopunktowy (MPI),"z przodu, poprzecznie","","","",185/60 R14,"","","","",tarczowe wentylowane,tarczowe,"","","","","","","","","",manualna,5,4x4,"","","","","","","","","",50 l,"","","","","",1065 kg,1490 kg,"","","","","","","",""
Alfa Romeo 33 II Kombi 1.7 i.e. 107KM 79kW 1990-1992,alfa romeo,33,https://www.autocentrum.pl/dane-techniczne/alfa-romeo/33/ii/kombi/silnik-benzynowy-1.7-i.e.-107km-1990-1992/,5,5,"","",4200 mm,1615 mm,1350 mm,2475 mm,"","","","","","","","","","","","","","","","","","","","","","","","","","","","","","","","","","","","","","","",290 l,1200 l,"","","","","","","","","","","","","","","","",od 1990 do 1992 roku,1712 cm³,benzynowy,107 KM (79 kW) przy 5800 obr/min,149 Nm przy 4500 obr/min,"",SOHC (OHC),4,bokser,8,10.0 : 1,"","","","z przodu, poprzecznie","","","",185/60 R14,"","","","",tarczowe,bębnowe,"","","","","","","","","",manualna,5,4x4,"","",182 km/h,10.6 s,"","",7.9 l/100km,5.7 l/100km,10.5 l/100km,50 l,633 km,877 km,476 km,"","",1035 kg,1455 kg,"","","","","","","",""
Alfa Romeo 33 II Kombi 1.7 i.e. 117KM 86kW 1992-1994,alfa romeo,33,https://www.autocentrum.pl/dane-techniczne/alfa-romeo/33/ii/kombi/silnik-benzynowy-1.7-i.e.-117km-1992-1994/,5,5,"","",4200 mm,1615 mm,1350 mm,2475 mm,"","","","","","","","","","","","","","","","","","","","","","","","","","","","","","","","","","","","","","","",290 l,1200 l,"","","","","","","","","","","","","","","","",od 1992 do 1994 roku,1712 cm³,benzynowy,117 KM (86 kW) przy 5800 obr/min,153 Nm przy 3500 obr/min,"",SOHC (OHC),4,bokser,8,10.0 : 1,87 × 72 mm,"","","z przodu, poprzecznie","","","",185/60 R14,"","","","",tarczowe wentylowane,tarczowe,"","","","","","","","","",manualna,5,na przednią oś,"","",200 km/h,9.0 s,"",30.0 s,8.2 l/100km,5.9 l/100km,11.4 l/100km,50 l,610 km,847 km,439 km,"","",910 kg,"","","","","","","","",""
Alfa Romeo 33 II Kombi 1.7 i.e. 4x4 107KM 79kW 1990-1992,alfa romeo,33,https://www.autocentrum.pl/dane-techniczne/alfa-romeo/33/ii/kombi/silnik-benzynowy-1.7-i.e.-4x4-107km-1990-1992/,5,5,"","",4200 mm,1615 mm,1350 mm,2475 mm,"","","","","","","","","","","","","","","","","","","","","","","","","","","","","","","","","","","","","","","",290 l,1200 l,"","","","","","","","","","","","","","","","",od 1990 do 1992 roku,1712 cm³,benzynowy,107 KM (79 kW) przy 5800 obr/min,149 Nm,"",SOHC (OHC),4,bokser,2,10.0 : 1,"","",wielopunktowy (MPI),"z przodu, poprzecznie","","","",185/60 R14,"","","","",tarczowe wentylowane,tarczowe,"","","","","","","","","",manualna,5,4x4,"","",185 km/h,11.1 s,"","",7.6 l/100km,"",10.9 l/100km,50 l,658 km,"",459 km,"","",1035 kg,1455 kg,"","","","","","","",""
Alfa Romeo 33 II Kombi 1.8 TD 84KM 62kW 1990-1994,alfa romeo,33,https://www.autocentrum.pl/dane-techniczne/alfa-romeo/33/ii/kombi/silnik-diesla-1.8-td-84km-1990-1994/,5,5,"","",4200 mm,1615 mm,1350 mm,2475 mm,"","","","","","","","","","","","","","","","","","","","","","","","","","","","","","","","","","","","","","","",290 l,1200 l,"","","","","","","","","","","","","","","","",od 1990 do 1994 roku,1779 cm³,diesel,84 KM (62 kW) przy 4200 obr/min,178 Nm przy 2400 obr/min,turbosprężarkowe,SOHC (OHC),3,rzędowy,6,22.0 : 1,"","","","z przodu, poprzecznie","","","",175/70 R13,"","","","",tarczowe,bębnowe,"","","","","","","","","",manualna,5,na przednią oś,"","",170 km/h,13.8 s,"",35.0 s,6.2 l/100km,4.7 l/100km,7.3 l/100km,50 l,806 km,1064 km,685 km,"","",1055 kg,1480 kg,"","","","","","","",""
Alfa Romeo 4C Coupe 1750TBi 240KM 177kW 2013-2017,alfa romeo,4c,https://www.autocentrum.pl/dane-techniczne/alfa-romeo/4c/coupe/silnik-benzynowy-1750tbi-240km-2013-2017/,2,2,12.1 m,6.0 m,3989 mm,1864 mm,1183 mm,2380 mm,brak danych,brak danych,850 mm,720 mm,120 mm,brak danych,2090 mm,brak danych,brak danych,brak danych,brak danych,brak danych,brak danych,brak danych,brak danych,brak danych,brak danych,brak danych,brak danych,brak danych,brak danych,brak danych,brak danych,brak danych,brak danych,brak danych,brak danych,brak danych,brak danych,brak danych,brak danych,brak danych,brak danych,brak danych,brak danych,brak danych,brak danych,brak danych,brak danych,110 l,brak danych,brak danych,brak danych,brak danych,brak danych,brak danych,brak danych,brak danych,brak danych,brak danych,brak danych,brak danych,brak danych,brak danych,brak danych,brak danych,brak danych,od 2013 do 2017 roku,1742 cm³,benzynowy,240 KM (177 kW) przy 6000 obr/min,350 Nm przy 2100-4000 obr/min,turbosprężarkowe,DOHC,4,rzędowy,16,10.0 : 1,83 × 80.5 mm,elektroniczny,bezpośredni,"środkowo, poprzecznie",brak danych,brak danych,przekładnia zębatkowa ze wspomaganiem elektrycznym,205/45 R17,205/40 R18,brak danych,brak danych,5x110,tarczowe wentylowane,tarczowe wentylowane,305 mm,292 mm,brak danych,brak danych,28 mm,22 mm,dwuwahaczowe,typu McPherson,gazowe,automatyczna,"",na tylną oś,TCT,brak danych,256 km/h,4.8 s,12.9 s,23.5 s,6.8 l/100km,5.0 l/100km,9.8 l/100km,40 l,588 km,800 km,408 km,157 g/km,Euro 6,895 kg,1175 kg,brak danych,brak danych,brak danych,brak danych,brak danych,brak danych,brak danych,6
Alfa Romeo 4C Spider 1750TBi 240KM 177kW 2015-2017,alfa romeo,4c,https://www.autocentrum.pl/dane-techniczne/alfa-romeo/4c/spider/silnik-benzynowy-1750tbi-240km-2015-2017/,2,2,12.1 m,6.0 m,3989 mm,1864 mm,1183 mm,2380 mm,brak danych,brak danych,brak danych,brak danych,120 mm,brak danych,2090 mm,brak danych,brak danych,brak danych,brak danych,brak danych,brak danych,brak danych,brak danych,brak danych,brak danych,brak danych,brak danych,brak danych,brak danych,brak danych,brak danych,brak danych,brak danych,brak danych,brak danych,brak danych,brak danych,brak danych,brak danych,brak danych,brak danych,brak danych,brak danych,brak danych,brak danych,brak danych,brak danych,110 l,brak danych,brak danych,brak danych,brak danych,brak danych,brak danych,brak danych,brak danych,brak danych,brak danych,brak danych,brak danych,brak danych,brak danych,brak danych,brak danych,brak danych,od 2015 do 2017 roku,1742 cm³,benzynowy,240 KM (177 kW) przy 6000 obr/min,350 Nm przy 2100-4000 obr/min,turbosprężarkowe,DOHC,4,rzędowy,16,"",brak danych,brak danych,brak danych,"środkowo, poprzecznie",brak danych,brak danych,brak danych,205/45 R17,205/40 R18,brak danych,brak danych,5x110,tarczowe wentylowane,tarczowe wentylowane,305 mm,292 mm,brak danych,brak danych,28 mm,22 mm,dwuwahaczowe,typu McPherson,brak danych,automatyczna,"",na tylną oś,TCT,brak danych,257 km/h,4.5 s,brak danych,brak danych,6.9 l/100km,5.1 l/100km,10.1 l/100km,40 l,580 km,784 km,396 km,161 g/km,Euro 6,940 kg,brak danych,brak danych,brak danych,brak danych,brak danych,brak danych,brak danych,brak danych,6
Alfa Romeo 75 1.6 110KM 81kW 1985-1989,alfa romeo,75,https://www.autocentrum.pl/dane-techniczne/alfa-romeo/75/silnik-benzynowy-1.6-110km-1985-1989/,4,5,"","",4330 mm,1660 mm,1400 mm,2510 mm,1396 mm,1382 mm,825 mm,995 mm,"","","","","","","","","","","","","","","","","","","","","","","","","","","","","","","","","","","",380 l,"","","","","","","","","","","","","","","","","",od 1985 do 1989 roku,1570 cm³,benzynowy,110 KM (81 kW) przy 5800 obr/min,146 Nm przy 4000 obr/min,"",SOHC (OHC),4,rzędowy,8,9.0 : 1,78 × 82 mm,"",gaźnik,"z przodu, podłużnie","","","",185/70 R13,185/65 R14; 205/45 R16; 205/50 R15,"","",4x98,tarczowe,bębnowe,"","","","","","","","","",manualna,5,na tylną oś,"","",180 km/h,10.7 s,"",32.5 s,9.4 l/100km,6.9 l/100km,11.8 l/100km,49 l,521 km,710 km,415 km,"","",1060 kg,1485 kg,"","","","","","","",""
Alfa Romeo 75 1.6 i.e. 107KM 79kW 1990-1992,alfa romeo,75,https://www.autocentrum.pl/dane-techniczne/alfa-romeo/75/silnik-benzynowy-1.6-i.e.-107km-1990-1992/,4,5,"","",4330 mm,1660 mm,1400 mm,2510 mm,1396 mm,1382 mm,825 mm,995 mm,"","","","","","","","","","","","","","","","","","","","","","","","","","","","","","","","","","","",380 l,"","","","","","","","","","","","","","","","","",od 1990 do 1992 roku,1570 cm³,benzynowy,107 KM (79 kW) przy 6000 obr/min,137 Nm przy 4000 obr/min,"",SOHC (OHC),4,rzędowy,8,9.0 : 1,78 × 82 mm,"","jednopunktowy (SPI, CPI)","z przodu, podłużnie","","","",185/70 R13,185/65 R14; 205/45 R16; 205/50 R15,"","",4x98,tarczowe,bębnowe,"","","","","","","","","",manualna,5,na tylną oś,"","",180 km/h,11.3 s,"",33.0 s,8.5 l/100km,6.7 l/100km,10.0 l/100km,49 l,576 km,731 km,490 km,"","",1090 kg,1515 kg,"","","","","","","",""
Alfa Romeo 75 1.6 KAT 110KM 81kW 1988-1992,alfa romeo,75,https://www.autocentrum.pl/dane-techniczne/alfa-romeo/75/silnik-benzynowy-1.6-kat-110km-1988-1992/,4,5,"","",4330 mm,1660 mm,1400 mm,2510 mm,1396 mm,1382 mm,825 mm,995 mm,"","","","","","","","","","","","","","","","","","","","","","","","","","","","","","","","","","","",380 l,"","","","","","","","","","","","","","","","","",od 1988 do 1992 roku,1570 cm³,benzynowy,110 KM (81 kW) przy 5800 obr/min,146 Nm przy 4000 obr/min,"",SOHC (OHC),4,rzędowy,8,9.0 : 1,78 × 82 mm,iskrowy,gaźnik,"","","","",185/70 R13,185/65 R14; 205/45 R16; 205/50 R15,"","",4x98,tarczowe,tarczowe,"","","","","","","","",gazowe,manualna,5,na tylną oś,"","",188 km/h,10.8 s,17.6 s,32.1 s,9.4 l/100km,6.9 l/100km,11.8 l/100km,49 l,521 km,710 km,415 km,"","",1060 kg,1485 kg,"","","","","","","",""
Alfa Romeo 75 1.8 120KM 88kW 1985-1989,alfa romeo,75,https://www.autocentrum.pl/dane-techniczne/alfa-romeo/75/silnik-benzynowy-1.8-120km-1985-1989/,4,5,"","",4330 mm,1660 mm,1400 mm,2510 mm,1396 mm,1382 mm,825 mm,995 mm,"","","","","","","","","","","","","","","","","","","","","","","","","","","","","","","","","","","",380 l,"","","","","","","","","","","","","","","","","",od 1985 do 1989 roku,1779 cm³,benzynowy,120 KM (88 kW) przy 5300 obr/min,167 Nm przy 4000 obr/min,"",SOHC (OHC),4,"",8,9.0 : 1,80 × 88.5 mm,"",gaźnik,"z przodu, podłużnie","","","",185/70 R13,185/65 R14; 205/45 R16; 205/50 R15,"","",4x98,tarczowe,bębnowe,"","","","","","","","","",manualna,5,na tylną oś,"","",190 km/h,9.5 s,"",30.5 s,9.5 l/100km,7.0 l/100km,12.2 l/100km,49 l,516 km,700 km,402 km,"","",1060 kg,1485 kg,"","","","","","","",""
Alfa Romeo 75 1.8 122KM 90kW 1989-1992,alfa romeo,75,https://www.autocentrum.pl/dane-techniczne/alfa-romeo/75/silnik-benzynowy-1.8-122km-1989-1992/,4,5,"","",4330 mm,1660 mm,1400 mm,2510 mm,1396 mm,1382 mm,825 mm,995 mm,"","","","","","","","","","","","","","","","","","","","","","","","","","","","","","","","","","","",380 l,"","","","","","","","","","","","","","","","","",od 1989 do 1992 roku,1779 cm³,benzynowy,122 KM (90 kW) przy 5500 obr/min,160 Nm przy 4000 obr/min,"",SOHC (OHC),4,rzędowy,8,10.0 : 1,80 × 88.5 mm,"","jednopunktowy (SPI, CPI)","z przodu, podłużnie","","","",185/70 R13,185/65 R14; 205/45 R16; 205/50 R15,"","",4x98,tarczowe,bębnowe,"","","","","","","","","",manualna,5,na tylną oś,"","",190 km/h,10.4 s,"",31.9 s,8.8 l/100km,6.9 l/100km,10.5 l/100km,49 l,557 km,710 km,467 km,"","",1100 kg,1525 kg,"","","","","","","",""
Alfa Romeo 75 1.8 CAT 120KM 88kW 1988-1992,alfa romeo,75,https://www.autocentrum.pl/dane-techniczne/alfa-romeo/75/silnik-benzynowy-1.8-cat-120km-1988-1992/,4,5,"","",4330 mm,1660 mm,1400 mm,2510 mm,1396 mm,1382 mm,825 mm,995 mm,"","","","","","","","","","","","","","","","","","","","","","","","","","","","","","","","","","","",380 l,"","","","","","","","","","","","","","","","","",od 1988 do 1992 roku,1779 cm³,benzynowy,120 KM (88 kW) przy 5500 obr/min,160 Nm przy 4000 obr/min,"",SOHC (OHC),4,rzędowy,8,9.5 : 1,80 × 88.5 mm,iskrowy,wielopunktowy (MPI),"","","","",185/70 R13,185/65 R14; 205/45 R16; 205/50 R15,"","",4x98,tarczowe wentylowane,tarczowe,"","","","","","","","",gazowe,manualna,5,na tylną oś,"","",193 km/h,10.2 s,17.3 s,31.4 s,8.8 l/100km,6.9 l/100km,10.5 l/100km,49 l,557 km,710 km,467 km,"","",1100 kg,1525 kg,"","","","","","","",""
Alfa Romeo 75 1.8 Turbo 165KM 121kW 1990-1992,alfa romeo,75,https://www.autocentrum.pl/dane-techniczne/alfa-romeo/75/silnik-benzynowy-1.8-turbo-165km-1990-1992/,4,5,"","",4330 mm,1660 mm,1400 mm,2510 mm,1396 mm,1382 mm,825 mm,995 mm,"","","","","","","","","","","","","","","","","","","","","","","","","","","","","","","","","","","",380 l,"","","","","","","","","","","","","","","","","",od 1990 do 1992 roku,1779 cm³,benzynowy,165 KM (121 kW) przy 5800 obr/min,226 Nm przy 2600 obr/min,turbosprężarkowe,SOHC (OHC),4,rzędowy,8,7.5 : 1,80 × 88.5 mm,iskrowy,wielopunktowy (MPI),"","","","",185/70 R13,185/65 R14; 205/45 R16; 205/50 R15,"","",4x98,tarczowe wentylowane,tarczowe,"","","","","","","","",gazowe,manualna,5,na tylną oś,"","",215 km/h,7.9 s,15.9 s,29.0 s,8.6 l/100km,7.0 l/100km,9.7 l/100km,49 l,570 km,700 km,505 km,"","",1240 kg,1665 kg,"","","","","","","",""
Alfa Romeo 75 1.8 Turbo i.e. 155KM 114kW 1986-1990,alfa romeo,75,https://www.autocentrum.pl/dane-techniczne/alfa-romeo/75/silnik-benzynowy-1.8-turbo-i.e.-155km-1986-1990/,4,5,"","",4330 mm,1660 mm,1400 mm,2510 mm,1396 mm,1382 mm,825 mm,995 mm,"","","","","","","","","","","","","","","","","","","","","","","","","","","","","","","","","","","",380 l,"","","","","","","","","","","","","","","","","",od 1986 do 1990 roku,1779 cm³,benzynowy,155 KM (114 kW) przy 5800 obr/min,226 Nm przy 2600 obr/min,turbosprężarkowe,SOHC (OHC),4,rzędowy,8,8.0 : 1,80 × 88.5 mm,"","jednopunktowy (SPI, CPI)","z przodu, podłużnie","","","",185/70 R13,185/65 R14; 205/45 R16; 205/50 R15,"","",4x98,tarczowe,tarczowe,"","","","","","","","","",manualna,5,na tylną oś,"","",210 km/h,7.6 s,"",28.5 s,8.6 l/100km,7.0 l/100km,9.7 l/100km,49 l,570 km,700 km,505 km,"","",1130 kg,1555 kg,"","","","","","","",""
Alfa Romeo 75 2.0 128KM 94kW 1985-1988,alfa romeo,75,https://www.autocentrum.pl/dane-techniczne/alfa-romeo/75/silnik-benzynowy-2.0-128km-1985-1988/,4,5,"","",4330 mm,1660 mm,1400 mm,2510 mm,1396 mm,1382 mm,825 mm,995 mm,"","","","","","","","","","","","","","","","","","","","","","","","","","","","","","","","","","","",380 l,"","","","","","","","","","","","","","","","","",od 1985 do 1988 roku,1962 cm³,benzynowy,128 KM (94 kW) przy 5400 obr/min,180 Nm przy 4000 obr/min,"",SOHC (OHC),4,rzędowy,8,9.0 : 1,84 × 88.5 mm,"",gaźnik,"z przodu, podłużnie","","","",185/70 R13,185/65 R14; 205/45 R16; 205/50 R15,"","",4x98,tarczowe,bębnowe,"","","","","","","","","",manualna,5,na tylną oś,"","",195 km/h,8.9 s,"",30.0 s,9.6 l/100km,6.9 l/100km,12.5 l/100km,49 l,510 km,710 km,392 km,"","",1070 kg,1495 kg,"","","","","","","",""
Alfa Romeo 75 2.0 T.S KAT 148KM 109kW 1987-1992,alfa romeo,75,https://www.autocentrum.pl/dane-techniczne/alfa-romeo/75/silnik-benzynowy-2.0-t.s-kat-148km-1987-1992/,4,5,"","",4330 mm,1660 mm,1400 mm,2510 mm,1396 mm,1382 mm,825 mm,995 mm,"","","","","","","","","","","","","","","","","","","","","","","","","","","","","","","","","","","",380 l,"","","","","","","","","","","","","","","","","",od 1987 do 1992 roku,1962 cm³,benzynowy,148 KM (109 kW) przy 5800 obr/min,186 Nm przy 4000 obr/min,"",SOHC (OHC),4,rzędowy,8,10.0 : 1,84 × 88.5 mm,iskrowy,wielopunktowy (MPI),"","","","",185/70 R13,185/65 R14; 205/45 R16; 205/50 R15,"","",4x98,"","","","","","","","","","",gazowe,manualna,5,na tylną oś,"","",207 km/h,9.0 s,16.6 s,30.0 s,8.1 l/100km,6.0 l/100km,9.9 l/100km,49 l,605 km,817 km,495 km,"","",1160 kg,1585 kg,"","","","","","","",""
Alfa Romeo 75 2.0 T.S. 145KM 107kW 1990-1992,alfa romeo,75,https://www.autocentrum.pl/dane-techniczne/alfa-romeo/75/silnik-benzynowy-2.0-t.s.-145km-1990-1992/,4,5,"","",4330 mm,1660 mm,1400 mm,2510 mm,1396 mm,1382 mm,825 mm,995 mm,"","","","","","","","","","","","","","","","","","","","","","","","","","","","","","","","","","","",380 l,"","","","","","","","","","","","","","","","","",od 1990 do 1992 roku,1962 cm³,benzynowy,145 KM (107 kW) przy 5800 obr/min,186 Nm przy 4800 obr/min,"",SOHC (OHC),4,rzędowy,8,10.0 : 1,84 × 88.5 mm,"","jednopunktowy (SPI, CPI)","z przodu, podłużnie","","","",185/70 R13,185/65 R14; 205/45 R16; 205/50 R15,"","",4x98,tarczowe,tarczowe,"","","","","","","","","",manualna,5,na tylną oś,"","",202 km/h,8.3 s,"",29.7 s,8.8 l/100km,"","",49 l,557 km,"","","","",1120 kg,1600 kg,"","","","","","","",""
Alfa Romeo 75 2.0 T.S. 148KM 109kW 1987-1988,alfa romeo,75,https://www.autocentrum.pl/dane-techniczne/alfa-romeo/75/silnik-benzynowy-2.0-t.s.-148km-1987-1988/,4,5,"","",4330 mm,1660 mm,1400 mm,2510 mm,1396 mm,1382 mm,825 mm,995 mm,"","","","","","","","","","","","","","","","","","","","","","","","","","","","","","","","","","","",380 l,"","","","","","","","","","","","","","","","","",od 1987 do 1988 roku,1962 cm³,benzynowy,148 KM (109 kW) przy 5800 obr/min,186 Nm przy 4000 obr/min,"",SOHC (OHC),4,rzędowy,8,10.0 : 1,84 × 88.5 mm,"","jednopunktowy (SPI, CPI)","z przodu, podłużnie","","","",185/70 R13,185/65 R14; 205/45 R16; 205/50 R15,"","",4x98,tarczowe,tarczowe,"","","","","","","","","",manualna,"",na tylną oś,"","",205 km/h,8.2 s,"",29.2 s,8.1 l/100km,6.0 l/100km,9.9 l/100km,49 l,605 km,817 km,495 km,"","",1120 kg,1545 kg,"","","","","","","",""
Alfa Romeo 75 2.5 V6 156KM 115kW 1985-1986,alfa romeo,75,https://www.autocentrum.pl/dane-techniczne/alfa-romeo/75/silnik-benzynowy-2.5-v6-156km-1985-1986/,4,5,"","",4330 mm,1660 mm,1400 mm,2510 mm,1396 mm,1382 mm,825 mm,995 mm,"","","","","","","","","","","","","","","","","","","","","","","","","","","","","","","","","","","",380 l,"","","","","","","","","","","","","","","","","",od 1985 do 1986 roku,2492 cm³,benzynowy,156 KM (115 kW) przy 5600 obr/min,210 Nm przy 4000 obr/min,"",SOHC (OHC),6,widlasty,12,9.0 : 1,88 × 68.3 mm,"","","z przodu, podłużnie","","","",185/70 R13,185/65 R14; 205/45 R16; 205/50 R15,"","",4x98,tarczowe,tarczowe,"","","","","","","","","",automatyczna,5,na tylną oś,"","",210 km/h,10.3 s,"",29.0 s,10.2 l/100km,7.4 l/100km,13.5 l/100km,49 l,480 km,662 km,363 km,"","",1180 kg,1585 kg,"","","","","","","",""
Alfa Romeo 75 2.5 V6 KAT 154KM 113kW 1986-1989,alfa romeo,75,https://www.autocentrum.pl/dane-techniczne/alfa-romeo/75/silnik-benzynowy-2.5-v6-kat-154km-1986-1989/,4,5,"","",4330 mm,1660 mm,1400 mm,2510 mm,1396 mm,1382 mm,825 mm,995 mm,"","","","","","","","","","","","","","","","","","","","","","","","","","","","","","","","","","","",380 l,"","","","","","","","","","","","","","","","","",od 1986 do 1989 roku,2492 cm³,benzynowy,154 KM (113 kW) przy 5600 obr/min,210 Nm przy 4000 obr/min,"",SOHC (OHC),6,widlasty,12,9.0 : 1,88 × 68.3 mm,iskrowy,wielopunktowy (MPI),"","","","",185/70 R13,185/65 R14; 205/45 R16; 205/50 R15,"","",4x98,tarczowe wentylowane,tarczowe,"","","","","","","","",gazowe,manualna,5,na tylną oś,"","",208 km/h,8.3 s,16.0 s,29.1 s,9.6 l/100km,6.8 l/100km,13.0 l/100km,49 l,510 km,721 km,377 km,"","",1160 kg,1585 kg,"","","","","","","",""
Alfa Romeo 75 3.0 V6 188KM 138kW 1987-1990,alfa romeo,75,https://www.autocentrum.pl/dane-techniczne/alfa-romeo/75/silnik-benzynowy-3.0-v6-188km-1987-1990/,4,5,"","",4330 mm,1660 mm,1400 mm,2510 mm,1396 mm,1382 mm,825 mm,995 mm,"","","","","","","","","","","","","","","","","","","","","","","","","","","","","","","","","","","",380 l,"","","","","","","","","","","","","","","","","",od 1987 do 1990 roku,2959 cm³,benzynowy,188 KM (138 kW) przy 5800 obr/min,245 Nm przy 4000 obr/min,"",SOHC (OHC),6,widlasty,12,10.0 : 1,93 × 72.6 mm,"","jednopunktowy (SPI, CPI)","z przodu, podłużnie","","","",185/70 R13,185/65 R14; 205/45 R16; 205/50 R15,"","",4x98,tarczowe,tarczowe,"","","","","","","","","",manualna,5,na tylną oś,"","",220 km/h,7.3 s,"",28.0 s,9.8 l/100km,7.4 l/100km,12.9 l/100km,49 l,500 km,662 km,380 km,"","",1250 kg,1675 kg,"","","","","","","",""
Alfa Romeo 75 3.0 V6 192KM 141kW 1990-1992,alfa romeo,75,https://www.autocentrum.pl/dane-techniczne/alfa-romeo/75/silnik-benzynowy-3.0-v6-192km-1990-1992/,4,5,"","",4330 mm,1660 mm,1400 mm,2510 mm,1396 mm,1382 mm,825 mm,995 mm,"","","","","","","","","","","","","","","","","","","","","","","","","","","","","","","","","","","",380 l,"","","","","","","","","","","","","","","","","",od 1990 do 1992 roku,2959 cm³,benzynowy,192 KM (141 kW) przy 6000 obr/min,250 Nm przy 4500 obr/min,"",SOHC (OHC),6,widlasty,12,10.0 : 1,93 × 72.6 mm,"","jednopunktowy (SPI, CPI)","z przodu, podłużnie","","","",185/70 R13,185/65 R14; 205/45 R16; 205/50 R15,"","",4x98,tarczowe,tarczowe,"","","","","","","","","",manualna,5,na tylną oś,"","",222 km/h,7.5 s,"",28.0 s,10.1 l/100km,7.6 l/100km,13.2 l/100km,49 l,485 km,645 km,371 km,"","",1300 kg,1725 kg,"","","","","","","",""
Alfa Romeo 75 3.0 V6 KAT 185KM 136kW 1987-1992,alfa romeo,75,https://www.autocentrum.pl/dane-techniczne/alfa-romeo/75/silnik-benzynowy-3.0-v6-kat-185km-1987-1992/,4,5,"","",4330 mm,1660 mm,1400 mm,2510 mm,1396 mm,1382 mm,825 mm,995 mm,"","","","","","","","","","","","","","","","","","","","","","","","","","","","","","","","","","","",380 l,"","","","","","","","","","","","","","","","","",od 1987 do 1992 roku,2959 cm³,benzynowy,185 KM (136 kW) przy 5800 obr/min,246 Nm przy 4500 obr/min,"",SOHC (OHC),6,widlasty,12,10.0 : 1,93 × 72.6 mm,"","jednopunktowy (SPI, CPI)","z przodu, podłużnie","","","",185/70 R13,185/65 R14; 205/45 R16; 205/50 R15,"","",4x98,tarczowe,tarczowe,"","","","","","","","","",manualna,5,na tylną oś,"","",220 km/h,7.4 s,"",28.2 s,10.1 l/100km,7.6 l/100km,13.2 l/100km,49 l,485 km,645 km,371 km,"","",1280 kg,1730 kg,"","","","","","","",""
Alfa Romeo 75 2.0 TD 95KM 70kW 1985-1992,alfa romeo,75,https://www.autocentrum.pl/dane-techniczne/alfa-romeo/75/silnik-diesla-2.0-td-95km-1985-1992/,4,5,"","",4330 mm,1660 mm,1400 mm,2510 mm,1396 mm,1382 mm,825 mm,995 mm,"","","","","","","","","","","","","","","","","","","","","","","","","","","","","","","","","","","",380 l,"","","","","","","","","","","","","","","","","",od 1985 do 1992 roku,1995 cm³,diesel,95 KM (70 kW) przy 4300 obr/min,192 Nm przy 2300 obr/min,turbosprężarkowe,SOHC (OHC),4,rzędowy,8,22.0 : 1,88 × 82 mm,"","","z przodu, podłużnie","","","",185/70 R13,185/65 R14; 205/45 R16; 205/50 R15,"","",4x98,tarczowe,bębnowe,"","","","","","","","","",manualna,5,na tylną oś,"","",175 km/h,12.4 s,"",34.5 s,7.5 l/100km,5.5 l/100km,9.0 l/100km,49 l,653 km,891 km,544 km,"","",1190 kg,1615 kg,"","","","","","","",""
Alfa Romeo 75 2.4 TD 112KM 82kW 1988-1992,alfa romeo,75,https://www.autocentrum.pl/dane-techniczne/alfa-romeo/75/silnik-diesla-2.4-td-112km-1988-1992/,4,5,"","",4330 mm,1660 mm,1400 mm,2510 mm,1396 mm,1382 mm,825 mm,995 mm,"","","","","","","","","","","","","","","","","","","","","","","","","","","","","","","","","","","",380 l,"","","","","","","","","","","","","","","","","",od 1988 do 1992 roku,2393 cm³,diesel,112 KM (82 kW) przy 4200 obr/min,240 Nm przy 2400 obr/min,turbosprężarkowe,SOHC (OHC),4,rzędowy,8,22.0 : 1,92 × 90 mm,"","","z przodu, podłużnie","","","",185/70 R13,185/65 R14; 205/45 R16; 205/50 R15,"","",4x98,tarczowe,bębnowe,"","","","","","","","","",manualna,5,na tylną oś,"","",185 km/h,11.7 s,"",33.2 s,7.3 l/100km,5.5 l/100km,8.9 l/100km,49 l,671 km,891 km,551 km,"","",1260 kg,1685 kg,"","","","","","","",""
Alfa Romeo 8C Competizione 4.7 V8 450KM 331kW od 2008,alfa romeo,8c competizione,https://www.autocentrum.pl/dane-techniczne/alfa-romeo/8c-competizione/silnik-benzynowy-4.7-v8-450km-2008-2009/,2,"","","",4381 mm,1894 mm,1341 mm,2645 mm,1590 mm,1589 mm,910 mm,826 mm,"","","","","","","","","","","","","","","","","","","","","","","","","","","","","","","","","","","","","","","","","","","","","","","","","","","","","",od 2008 do 2009 roku,4691 cm³,benzynowy,450 KM (331 kW) przy 7000 obr/min,480 Nm przy 4750 obr/min,"",DOHC,8,widlasty,32,11.0 : 1,94 × 84.5 mm,"","","z przodu, podłużnie","","","",245/35 R20,"","","","",tarczowe wentylowane,tarczowe wentylowane,"","","","","","","","","",automatyczna,"",na tylną oś,"","",292 km/h,4.2 s,"","",15.8 l/100km,"","","","","","","",Euro 4,1510 kg,1785 kg,"","","","","","","",6
Alfa Romeo Brera Coupe 1750 TBi 16v 200KM 147kW od 2009,alfa romeo,brera,https://www.autocentrum.pl/dane-techniczne/alfa-romeo/brera/coupe/silnik-benzynowy-1750-tbi-16v-200km-2009-2010/,2,4,10.6 m,5.3 m,4410 mm,1830 mm,1341 mm,2528 mm,1579 mm,1559 mm,1000 mm,882 mm,150 mm,"","","","","","","","","","","","","","","","","","","","","","","","","","","","","","","","","","",300 l,610 l,"","","","","","","","","","","","","","","","",od 2009 do 2010 roku,1742 cm³,benzynowy,200 KM (147 kW) przy 5000 obr/min,320 Nm przy 1400 obr/min,turbosprężarkowe,DOHC,4,rzędowy,16,10.0 : 1,83 × 80.5 mm,"",bezpośredni,"z przodu, poprzecznie","","","",225/50 R17,215/55 R16; 225/35 R20; 235/40 R19; 235/45 R18,"","",5x110,tarczowe wentylowane,tarczowe,"","","","","","","","","",manualna,6,na przednią oś,"","",235 km/h,7.7 s,"","",8.1 l/100km,6.0 l/100km,11.8 l/100km,70 l,864 km,1167 km,593 km,"",Euro 5,1430 kg,1890 kg,"","","","","","","",""
Alfa Romeo Brera Coupe 2.2 JTS 185KM 136kW od 2005,alfa romeo,brera,https://www.autocentrum.pl/dane-techniczne/alfa-romeo/brera/coupe/silnik-benzynowy-2.2-jts-185km-2005-2010/,2,4,10.6 m,5.3 m,4410 mm,1830 mm,1341 mm,2528 mm,1579 mm,1559 mm,1000 mm,882 mm,150 mm,"","","","","","","","","","","","","","","","","","","","","","","","","","","","","","","","","","",300 l,610 l,"","","","","","","","","","","","","","","","",od 2005 do 2010 roku,2198 cm³,benzynowy,185 KM (136 kW) przy 6500 obr/min,230 Nm przy 4500 obr/min,"",DOHC,4,rzędowy,16,11.0 : 1,86 × 94.6 mm,"",bezpośredni,"z przodu, poprzecznie","","","",215/55 R16,225/35 R20; 225/45 R17; 235/40 R19; 235/45 R18,"","",5x110,tarczowe wentylowane,tarczowe,"","","","","","","","","",automatyczna,6,na przednią oś,Selespeed,"",222 km/h,8.8 s,"","",9.2 l/100km,7.1 l/100km,12.8 l/100km,70 l,761 km,986 km,547 km,"","",1470 kg,1890 kg,"","","","","","","",""
Alfa Romeo Brera Coupe 3.2 JTS 24v 260KM 191kW 2005-2010,alfa romeo,brera,https://www.autocentrum.pl/dane-techniczne/alfa-romeo/brera/coupe/silnik-benzynowy-3.2-jts-24v-260km-2005-2010/,2,4,10.6 m,5.3 m,4410 mm,1830 mm,1341 mm,2528 mm,1579 mm,1559 mm,1000 mm,882 mm,150 mm,"","","","","","","","","","","","","","","","","","","","","","","","","","","","","","","","","","",300 l,610 l,"","","","","","","","","","","","","","","","",od 2005 do 2010 roku,3195 cm³,benzynowy,260 KM (191 kW) przy 6300 obr/min,322 Nm przy 4500 obr/min,"",DOHC,6,widlasty,24,11.2 : 1,89 × 85.6 mm,"",bezpośredni,"z przodu, poprzecznie","","","",225/50 R17,225/35 R20; 235/40 R18; 235/40 R19,"","",5x110,tarczowe wentylowane,tarczowe wentylowane,"","","","","","","","","",manualna,6,4x4,"","",240 km/h,6.8 s,"",27.5 s,11.5 l/100km,8.4 l/100km,16.9 l/100km,70 l,609 km,833 km,414 km,"","",1630 kg,2050 kg,"","","","","","","",""
Alfa Romeo Brera Coupe 2.0 JTDM 16v 170KM 125kW od 2009,alfa romeo,brera,https://www.autocentrum.pl/dane-techniczne/alfa-romeo/brera/coupe/silnik-diesla-2.0-jtdm-16v-170km-2009-2010/,2,4,10.6 m,5.3 m,4410 mm,1830 mm,1341 mm,2528 mm,1579 mm,1559 mm,1000 mm,882 mm,150 mm,"","","","","","","","","","","","","","","","","","","","","","","","","","","","","","","","","","",300 l,610 l,"","","","","","","","","","","","","","","","",od 2009 do 2010 roku,1956 cm³,diesel,170 KM (125 kW) przy 4000 obr/min,360 Nm przy 1750 obr/min,turbosprężarkowe,DOHC,4,rzędowy,16,17.0 : 1,83 × 90.4 mm,"",bezpośredni Common Rail,"z przodu, poprzecznie","","","",225/50 R17,215/55 R16; 225/35 R20; 235/40 R19; 235/45 R18,"","",5x110,tarczowe wentylowane,tarczowe,"","","","","","","","","",manualna,6,na przednią oś,"","",218 km/h,8.8 s,"","",5.4 l/100km,4.4 l/100km,7.1 l/100km,70 l,1296 km,1591 km,986 km,142 g/km,Euro 4,1480 kg,1940 kg,"","","","","","","",""
Alfa Romeo Brera Coupe 2.4 JTDM 20v 200KM 147kW 2005-2010,alfa romeo,brera,https://www.autocentrum.pl/dane-techniczne/alfa-romeo/brera/coupe/silnik-diesla-2.4-jtdm-20v-200km-2005-2010/,2,4,10.6 m,5.3 m,4410 mm,1830 mm,1341 mm,2528 mm,1579 mm,1559 mm,1000 mm,882 mm,150 mm,"","","","","","","","","","","","","","","","","","","","","","","","","","","","","","","","","","",300 l,610 l,"","","","","","","","","","","","","","","","",od 2005 do 2010 roku,2387 cm³,diesel,200 KM (147 kW) przy 4000 obr/min,400 Nm przy 2000 obr/min,turbosprężarkowe,DOHC,5,rzędowy,20,17.0 : 1,82 × 90.4 mm,samoczynny,bezpośredni Common Rail,"z przodu, poprzecznie","","","",225/50 R17,225/35 R20; 235/40 R18; 235/40 R19,"","",5x110,tarczowe wentylowane,tarczowe,"","","","","","","","","",automatyczna,6,na przednią oś,Q-Tronic,"",225 km/h,8.3 s,"","",7.9 l/100km,5.8 l/100km,11.4 l/100km,70 l,886 km,1207 km,614 km,"",Euro 4,1595 kg,2055 kg,"","","","","","","",""
Alfa Romeo Brera Coupe 2.4 JTDM 20v 210KM 154kW 2007-2010,alfa romeo,brera,https://www.autocentrum.pl/dane-techniczne/alfa-romeo/brera/coupe/silnik-diesla-2.4-jtdm-20v-210km-2007-2010/,2,4,10.6 m,5.3 m,4410 mm,1830 mm,1341 mm,2528 mm,1579 mm,1559 mm,1000 mm,882 mm,150 mm,"","","","","","","","","","","","","","","","","","","","","","","","","","","","","","","","","","",300 l,610 l,"","","","","","","","","","","","","","","","",od 2007 do 2010 roku,2387 cm³,diesel,210 KM (154 kW) przy 4000 obr/min,400 Nm przy 1500 obr/min,turbosprężarkowe,DOHC,5,rzędowy,20,17.0 : 1,82 × 90.4 mm,"",bezpośredni Common Rail,"z przodu, poprzecznie","","","",225/50 R17,235/45 R18,"","","",tarczowe wentylowane,tarczowe wentylowane,"","","","","","","","","",automatyczna,6,na przednią oś,"","",208 km/h,8.3 s,"","",7.9 l/100km,5.4 l/100km,9.2 l/100km,70 l,886 km,1296 km,761 km,"",Euro 4,1600 kg,2000 kg,"","","","","","","",""
Alfa Romeo Brera Spider 1750 TBi 16v 200KM 147kW od 2009,alfa romeo,brera,https://www.autocentrum.pl/dane-techniczne/alfa-romeo/brera/spider/silnik-benzynowy-1750-tbi-16v-200km-2009-2010/,2,4,"","",4393 mm,1830 mm,1318 mm,2528 mm,1579 mm,1559 mm,1000 mm,865 mm,"","","","","","","","","","","","","","","","","","","","","","","","","","","","","","","","","","","",235 l,610 l,"","","","","","","","","","","","","","","","",od 2009 do 2010 roku,1742 cm³,benzynowy,200 KM (147 kW) przy 5000 obr/min,320 Nm przy 2000 obr/min,turbosprężarkowe,DOHC,4,rzędowy,16,10.0 : 1,83 × 80.5 mm,"",bezpośredni,"z przodu, poprzecznie","","","",225/50 R17,"","","","",tarczowe wentylowane,tarczowe,"","","","","","","","","",manualna,6,na przednią oś,"","",235 km/h,7.8 s,"",28.9 s,8.2 l/100km,6.0 l/100km,11.8 l/100km,70 l,854 km,1167 km,593 km,"","",1505 kg,"","","","","","","","",""
Alfa Romeo Brera Spider 2.2 JTS 185KM 136kW od 2006,alfa romeo,brera,https://www.autocentrum.pl/dane-techniczne/alfa-romeo/brera/spider/silnik-benzynowy-2.2-jts-185km-2006-2010/,2,4,"","",4393 mm,1830 mm,1318 mm,2528 mm,1579 mm,1559 mm,1000 mm,865 mm,"","","","","","","","","","","","","","","","","","","","","","","","","","","","","","","","","","","",235 l,610 l,"","","","","","","","","","","","","","","","",od 2006 do 2010 roku,2198 cm³,benzynowy,185 KM (136 kW) przy 6500 obr/min,230 Nm przy 4500 obr/min,"",DOHC,4,rzędowy,16,11.0 : 1,86 × 94.6 mm,"",bezpośredni,"z przodu, poprzecznie","","","",215/55 R16,"","","","",tarczowe wentylowane,tarczowe,"","","","","","","","","",manualna,6,na przednią oś,"","",222 km/h,8.6 s,"",29.6 s,9.4 l/100km,7.3 l/100km,13.0 l/100km,70 l,745 km,959 km,538 km,"","",1445 kg,"","","","","","","","",""
Alfa Romeo Brera Spider 3.2 JTS 24v 260KM 191kW od 2006,alfa romeo,brera,https://www.autocentrum.pl/dane-techniczne/alfa-romeo/brera/spider/silnik-benzynowy-3.2-jts-24v-260km-2006-2010/,2,4,"","",4393 mm,1830 mm,1318 mm,2528 mm,1579 mm,1559 mm,1000 mm,865 mm,"","","","","","","","","","","","","","","","","","","","","","","","","","","","","","","","","","","",235 l,610 l,"","","","","","","","","","","","","","","","",od 2006 do 2010 roku,3195 cm³,benzynowy,260 KM (191 kW) przy 6200 obr/min,322 Nm przy 4500 obr/min,"",DOHC,6,widlasty,24,11.0 : 1,85.6 × 89 mm,"",bezpośredni,"z przodu, poprzecznie","","","",225/50 R17,"","","","",tarczowe wentylowane,tarczowe wentylowane,"","","","","","","","","",automatyczna,6,4x4,"","",240 km/h,7.2 s,"",27.5 s,8.6 l/100km,8.4 l/100km,16.9 l/100km,70 l,814 km,833 km,414 km,273 g/km,"",1785 kg,2010 kg,"","","","","","","",""
Alfa Romeo Brera Spider 2.0 JTDM 16v 170KM 125kW od 2009,alfa romeo,brera,https://www.autocentrum.pl/dane-techniczne/alfa-romeo/brera/spider/silnik-diesla-2.0-jtdm-16v-170km-2009-2010/,2,4,"","",4393 mm,1830 mm,1318 mm,2528 mm,1579 mm,1559 mm,1000 mm,865 mm,"","","","","","","","","","","","","","","","","","","","","","","","","","","","","","","","","","","",235 l,610 l,"","","","","","","","","","","","","","","","",od 2009 do 2010 roku,1956 cm³,diesel,170 KM (125 kW) przy 4000 obr/min,360 Nm przy 1750 obr/min,turbosprężarkowe,DOHC,4,rzędowy,16,17.0 : 1,83 × 90.4 mm,"",bezpośredni Common Rail,"z przodu, poprzecznie","","","",225/50 R17,"","","","",tarczowe wentylowane,tarczowe wentylowane,"","","","","","","","","",manualna,6,na przednią oś,"","",218 km/h,9.0 s,"","",5.4 l/100km,4.4 l/100km,7.1 l/100km,70 l,1296 km,1591 km,986 km,142 g/km,"",1555 kg,1960 kg,"","","","","","","",""
Alfa Romeo Brera Spider 2.4 JTDM 20v 200KM 147kW od 2006,alfa romeo,brera,https://www.autocentrum.pl/dane-techniczne/alfa-romeo/brera/spider/silnik-diesla-2.4-jtdm-20v-200km-2006-2010/,2,4,"","",4393 mm,1830 mm,1318 mm,2528 mm,1579 mm,1559 mm,1000 mm,865 mm,"","","","","","","","","","","","","","","","","","","","","","","","","","","","","","","","","","","",235 l,610 l,"","","","","","","","","","","","","","","","",od 2006 do 2010 roku,2387 cm³,diesel,200 KM (147 kW) przy 4000 obr/min,400 Nm przy 2000 obr/min,turbosprężarkowe,DOHC,5,rzędowy,20,17.0 : 1,82 × 90.4 mm,"",bezpośredni Common Rail,"z przodu, poprzecznie","","","",225/50 R17,"","","","",tarczowe wentylowane,tarczowe wentylowane,"","","","","","","","","",automatyczna,6,na przednią oś,"","",225 km/h,8.3 s,"",28.7 s,7.9 l/100km,5.8 l/100km,11.4 l/100km,70 l,886 km,1207 km,614 km,179 g/km,"",1670 kg,"","","","","","","","",""
Alfa Romeo Brera Spider 2.4 JTDM 20v 210KM 154kW od 2007,alfa romeo,brera,https://www.autocentrum.pl/dane-techniczne/alfa-romeo/brera/spider/silnik-diesla-2.4-jtdm-20v-210km-2007-2010/,2,4,"","",4393 mm,1830 mm,1318 mm,2528 mm,1579 mm,1559 mm,1000 mm,865 mm,"","","","","","","","","","","","","","","","","","","","","","","","","","","","","","","","","","","",235 l,610 l,"","","","","","","","","","","","","","","","",od 2007 do 2010 roku,2387 cm³,diesel,210 KM (154 kW) przy 4000 obr/min,400 Nm przy 1500 obr/min,turbosprężarkowe,DOHC,5,rzędowy,20,17.0 : 1,82 × 90.4 mm,"",bezpośredni Common Rail,"z przodu, poprzecznie","","","",225/50 R17,"","","","",tarczowe wentylowane,tarczowe wentylowane,"","","","","","","","","",manualna,"",na przednią oś,"","",231 km/h,7.9 s,"",28.4 s,6.8 l/100km,5.4 l/100km,9.2 l/100km,70 l,1029 km,1296 km,761 km,179 g/km,"",1650 kg,"","","","","","","","",""
Alfa Romeo Giulia I 1.3 Super 87KM 64kW 1974-1978,alfa romeo,giulia,https://www.autocentrum.pl/dane-techniczne/alfa-romeo/giulia/i/silnik-benzynowy-1.3-super-87km-1974-1978/,4,"","","",3479 mm,1295 mm,1219 mm,2082 mm,1092 mm,1066 mm,533 mm,838 mm,"","","","","","","","","","","","","","","","","","","","","","","","","","","","","","","","","","","","","","","","","","","","","","","","","","","","","",od 1974 do 1978 roku,1290 cm³,benzynowy,87 KM (64 kW) przy 6000 obr/min,115 Nm przy 3200 obr/min,"",SOHC (OHC),4,rzędowy,8,9.0 : 1,74 × 75 mm,iskrowy,gaźnik,"","","","",155/60 R15,"","","","",tarczowe,tarczowe,"","","","","","","","",gazowe,manualna,5,na tylną oś,"","",168 km/h,12.6 s,18.5 s,34.2 s,10.5 l/100km,8.3 l/100km,11.6 l/100km,"","","","","","",990 kg,1200 kg,"","","","","","","",""
Alfa Romeo Giulia I 1.3 TI 83KM 61kW 1969-1975,alfa romeo,giulia,https://www.autocentrum.pl/dane-techniczne/alfa-romeo/giulia/i/silnik-benzynowy-1.3-ti-83km-1969-1975/,4,"","","",3479 mm,1295 mm,1219 mm,2082 mm,1092 mm,1066 mm,533 mm,838 mm,"","","","","","","","","","","","","","","","","","","","","","","","","","","","","","","","","","","","","","","","","","","","","","","","","","","","","",od 1969 do 1975 roku,1290 cm³,benzynowy,83 KM (61 kW) przy 6000 obr/min,119 Nm przy 4900 obr/min,"",SOHC (OHC),4,rzędowy,8,9.0 : 1,74 × 75 mm,"",gaźnik,"z przodu, podłużnie","","","","","","","","",tarczowe,bębnowe,"","","","","","","","","",manualna,5,na tylną oś,"","",164 km/h,13.0 s,"","",9.8 l/100km,"","","","","","","","",1010 kg,1410 kg,"","","","","","","",""
Alfa Romeo Giulia I 1.6 Super 102KM 75kW 1974-1978,alfa romeo,giulia,https://www.autocentrum.pl/dane-techniczne/alfa-romeo/giulia/i/silnik-benzynowy-1.6-super-102km-1974-1978/,4,"","","",3479 mm,1295 mm,1219 mm,2082 mm,1092 mm,1066 mm,533 mm,838 mm,"","","","","","","","","","","","","","","","","","","","","","","","","","","","","","","","","","","","","","","","","","","","","","","","","","","","","",od 1974 do 1978 roku,1570 cm³,benzynowy,102 KM (75 kW) przy 5500 obr/min,142 Nm przy 4400 obr/min,"",SOHC (OHC),4,rzędowy,8,9.0 : 1,78 × 82 mm,"",gaźnik,"z przodu, podłużnie","","","","","","","","",tarczowe,bębnowe,"","","","","","","","","",manualna,5,na tylną oś,"","",178 km/h,11.0 s,"","",19.4 l/100km,"","","","","","","","",1040 kg,1440 kg,"","","","","","","",""
Alfa Romeo Giulia I 1.6 Super 98KM 72kW 1964-1969,alfa romeo,giulia,https://www.autocentrum.pl/dane-techniczne/alfa-romeo/giulia/i/silnik-benzynowy-1.6-super-98km-1964-1969/,4,"","","",3479 mm,1295 mm,1219 mm,2082 mm,1092 mm,1066 mm,533 mm,838 mm,"","","","","","","","","","","","","","","","","","","","","","","","","","","","","","","","","","","","","","","","","","","","","","","","","","","","","",od 1964 do 1969 roku,1570 cm³,benzynowy,98 KM (72 kW) przy 5500 obr/min,130 Nm przy 2900 obr/min,"",SOHC (OHC),4,rzędowy,8,9.0 : 1,78 × 82 mm,"",gaźnik,"z przodu, podłużnie","","","","","","","","",tarczowe,bębnowe,"","","","","","","","","",manualna,5,na tylną oś,"","",175 km/h,11.5 s,"","",8.0 l/100km,"","","","","","","","",1040 kg,1440 kg,"","","","","","","",""
Alfa Romeo Giulia I 1.8 D 52KM 38kW 1976-1978,alfa romeo,giulia,https://www.autocentrum.pl/dane-techniczne/alfa-romeo/giulia/i/silnik-diesla-1.8-d-52km-1976-1978/,4,"","","",3479 mm,1295 mm,1219 mm,2082 mm,1092 mm,1066 mm,533 mm,838 mm,"","","","","","","","","","","","","","","","","","","","","","","","","","","","","","","","","","","","","","","","","","","","","","","","","","","","","",od 1976 do 1978 roku,1760 cm³,diesel,52 KM (38 kW) przy 4000 obr/min,108 Nm przy 2200 obr/min,"",SOHC (OHC),4,rzędowy,8,22.0 : 1,79.4 × 88.9 mm,"","","z przodu, podłużnie","","","","","","","","",tarczowe,bębnowe,"","","","","","","","","",manualna,5,na tylną oś,"","",138 km/h,24.0 s,"","",6.8 l/100km,"","","","","","","","",1130 kg,1530 kg,"","","","","","","",""
Alfa Romeo Giulia II Sedan Facelifting 2023 2.0 GME Turbo 280KM 206kW od 2023,alfa romeo,giulia,https://www.autocentrum.pl/dane-techniczne/alfa-romeo/giulia/ii/sedan-facelifting-2023/silnik-benzynowy-2.0-gme-turbo-280km-od-2023/,4,5,10.8 m,5.4 m,4643 mm,1860 mm,1438 mm,2820 mm,1556 mm,1629 mm,brak danych,brak danych,135 mm,brak danych,2024 mm,brak danych,brak danych,brak danych,brak danych,brak danych,brak danych,brak danych,brak danych,brak danych,brak danych,brak danych,brak danych,brak danych,brak danych,brak danych,brak danych,brak danych,brak danych,brak danych,brak danych,brak danych,brak danych,brak danych,brak danych,brak danych,brak danych,brak danych,brak danych,brak danych,brak danych,brak danych,brak danych,480 l,brak danych,brak danych,brak danych,brak danych,brak danych,brak danych,brak danych,brak danych,brak danych,brak danych,brak danych,brak danych,brak danych,brak danych,brak danych,brak danych,brak danych,od 2023 roku,1995 cm³,benzynowy,280 KM (206 kW) przy 5250 obr/min,400 Nm przy 2250 obr/min,turbosprężarkowe,DOHC,4,rzędowy,16,10.0 : 1,84 × 90 mm,iskrowy,bezpośredni,"z przodu, podłużnie",brak danych,brak danych,przekładnia zębatkowa ze wspomaganiem elektrycznym,brak danych,brak danych,brak danych,brak danych,brak danych,tarczowe wentylowane,tarczowe wentylowane,330 mm,320 mm,brak danych,brak danych,brak danych,brak danych,system o architekturze Multilink,system o architekturze Multilink,gazowe,automatyczna,"",4x4,brak danych,hydrokinetyczne,240 km/h,5.2 s,brak danych,brak danych,7.7 l/100km,brak danych,brak danych,58 l,753 km,"","",175 g/km,Euro 6d,1530 kg,2105 kg,1600 kg,745 kg,64 kg,brak danych,brak danych,dostępny,55273835,8
Alfa Romeo Giulia II Sedan Facelifting 2023 2.9 GME Bi-Turbo  510KM 375kW 2023,alfa romeo,giulia,https://www.autocentrum.pl/dane-techniczne/alfa-romeo/giulia/ii/sedan-facelifting-2023/silnik-benzynowy-2.9-gme-bi-turbo-510km-2023/,4,5,10.8 m,5.4 m,4643 mm,1860 mm,1438 mm,2820 mm,1556 mm,1629 mm,brak danych,brak danych,135 mm,brak danych,2024 mm,brak danych,brak danych,brak danych,brak danych,brak danych,brak danych,brak danych,brak danych,brak danych,brak danych,brak danych,brak danych,brak danych,brak danych,brak danych,brak danych,brak danych,brak danych,brak danych,brak danych,brak danych,brak danych,brak danych,brak danych,brak danych,brak danych,brak danych,brak danych,brak danych,brak danych,brak danych,brak danych,480 l,brak danych,brak danych,brak danych,brak danych,brak danych,brak danych,brak danych,brak danych,brak danych,brak danych,brak danych,brak danych,brak danych,brak danych,brak danych,brak danych,brak danych,w 2023 roku,2891 cm³,benzynowy,510 KM (375 kW) przy 6500 obr/min,600 Nm przy 2500 obr/min,turbosprężarkowe,DOHC,6,widlasty,24,9.3 : 1,86.5 × 82 mm,iskrowy,bezpośredni,"z przodu, podłużnie",brak danych,brak danych,przekładnia zębatkowa ze wspomaganiem elektrycznym,brak danych,brak danych,brak danych,brak danych,brak danych,tarczowe wentylowane,tarczowe wentylowane,360 mm,350 mm,brak danych,brak danych,32 mm,28 mm,"niezależne typu McPherson, sprężyny śrubowe",wielowahaczowe,gazowe,automatyczna,"",4x4,brak danych,hydrokinetyczne,283 km/h,3.8 s,brak danych,brak danych,9.2 l/100km,7.6 l/100km,11.9 l/100km,58 l,630 km,763 km,487 km,267 g/km,Euro 6d,1830 kg,2150 kg,brak danych,brak danych,brak danych,brak danych,brak danych,dostępny,670050436,8
Alfa Romeo Giulia II Sedan Facelifting 2023 2.9 GME Bi-Turbo  520KM 382kW od 2023,alfa romeo,giulia,https://www.autocentrum.pl/dane-techniczne/alfa-romeo/giulia/ii/sedan-facelifting-2023/silnik-benzynowy-2.9-gme-bi-turbo-520km-od-2023/,4,5,10.8 m,5.4 m,4643 mm,1860 mm,1438 mm,2820 mm,1556 mm,1629 mm,brak danych,brak danych,135 mm,brak danych,2024 mm,brak danych,brak danych,brak danych,brak danych,brak danych,brak danych,brak danych,brak danych,brak danych,brak danych,brak danych,brak danych,brak danych,brak danych,brak danych,brak danych,brak danych,brak danych,brak danych,brak danych,brak danych,brak danych,brak danych,brak danych,brak danych,brak danych,brak danych,brak danych,brak danych,brak danych,brak danych,brak danych,480 l,brak danych,brak danych,brak danych,brak danych,brak danych,brak danych,brak danych,brak danych,brak danych,brak danych,brak danych,brak danych,brak danych,brak danych,brak danych,brak danych,brak danych,od 2023 roku,2891 cm³,benzynowy,520 KM (382 kW) przy 6500 obr/min,600 Nm przy 2500 obr/min,turbosprężarkowe,DOHC,6,widlasty,24,9.3 : 1,86.5 × 82 mm,iskrowy,bezpośredni,"z przodu, podłużnie",brak danych,brak danych,przekładnia zębatkowa ze wspomaganiem elektrycznym,brak danych,brak danych,brak danych,brak danych,brak danych,tarczowe wentylowane,tarczowe wentylowane,360 mm,350 mm,brak danych,brak danych,32 mm,28 mm,"niezależne typu McPherson, sprężyny śrubowe",wielowahaczowe,gazowe,automatyczna,"",4x4,brak danych,hydrokinetyczne,283 km/h,3.8 s,brak danych,brak danych,9.2 l/100km,7.6 l/100km,11.9 l/100km,58 l,630 km,763 km,487 km,267 g/km,Euro 6d,1830 kg,2150 kg,brak danych,brak danych,brak danych,brak danych,brak danych,dostępny,670050436,8
Alfa Romeo Giulia II Sedan Facelifting 2023 2.2 JTDM 160KM 118kW od 2023,alfa romeo,giulia,https://www.autocentrum.pl/dane-techniczne/alfa-romeo/giulia/ii/sedan-facelifting-2023/silnik-diesla-2.2-jtdm-160km-od-2023/,4,5,10.8 m,5.4 m,4643 mm,1860 mm,1438 mm,2820 mm,1556 mm,1629 mm,brak danych,brak danych,135 mm,brak danych,2024 mm,brak danych,brak danych,brak danych,brak danych,brak danych,brak danych,brak danych,brak danych,brak danych,brak danych,brak danych,brak danych,brak danych,brak danych,brak danych,brak danych,brak danych,brak danych,brak danych,brak danych,brak danych,brak danych,brak danych,brak danych,brak danych,brak danych,brak danych,brak danych,brak danych,brak danych,brak danych,brak danych,480 l,brak danych,brak danych,brak danych,brak danych,brak danych,brak danych,brak danych,brak danych,brak danych,brak danych,brak danych,brak danych,brak danych,brak danych,brak danych,brak danych,brak danych,od 2023 roku,2143 cm³,diesel,160 KM (118 kW) przy 3500 obr/min,450 Nm przy 1750 obr/min,turbosprężarkowe,DOHC,4,rzędowy,16,15.5 : 1,83 × 99 mm,samoczynny,bezpośredni Common Rail,"z przodu, podłużnie",brak danych,brak danych,przekładnia zębatkowa ze wspomaganiem elektrycznym,brak danych,brak danych,brak danych,brak danych,brak danych,tarczowe wentylowane,tarczowe wentylowane,330 mm,292 mm,brak danych,brak danych,brak danych,brak danych,system o architekturze Multilink,system o architekturze Multilink,gazowe,automatyczna,"",na przednią oś,brak danych,hydrokinetyczne,220 km/h,8.2 s,brak danych,brak danych,6.1 l/100km,brak danych,brak danych,52 l,852 km,"","",159 g/km,Euro 6d,1645 kg,brak danych,2250 kg,750 kg,brak danych,brak danych,brak danych,dostępny,brak danych,8
Alfa Romeo Giulia II Sedan Facelifting 2023 2.2 JTDM 210KM 154kW od 2023,alfa romeo,giulia,https://www.autocentrum.pl/dane-techniczne/alfa-romeo/giulia/ii/sedan-facelifting-2023/silnik-diesla-2.2-jtdm-210km-od-2023/,4,5,10.8 m,5.4 m,4643 mm,1860 mm,1438 mm,2820 mm,1556 mm,1629 mm,brak danych,brak danych,135 mm,brak danych,2024 mm,brak danych,brak danych,brak danych,brak danych,brak danych,brak danych,brak danych,brak danych,brak danych,brak danych,brak danych,brak danych,brak danych,brak danych,brak danych,brak danych,brak danych,brak danych,brak danych,brak danych,brak danych,brak danych,brak danych,brak danych,brak danych,brak danych,brak danych,brak danych,brak danych,brak danych,brak danych,brak danych,480 l,brak danych,brak danych,brak danych,brak danych,brak danych,brak danych,brak danych,brak danych,brak danych,brak danych,brak danych,brak danych,brak danych,brak danych,brak danych,brak danych,brak danych,od 2023 roku,2143 cm³,diesel,210 KM (154 kW) przy 3500 obr/min,470 Nm przy 1750 obr/min,turbosprężarkowe,DOHC,4,rzędowy,16,15.5 : 1,83 × 99 mm,samoczynny,bezpośredni Common Rail,"z przodu, podłużnie",brak danych,brak danych,przekładnia zębatkowa ze wspomaganiem elektrycznym,brak danych,brak danych,brak danych,brak danych,brak danych,tarczowe wentylowane,tarczowe wentylowane,330 mm,320 mm,brak danych,brak danych,brak danych,brak danych,system o architekturze Multilink,system o architekturze Multilink,gazowe,automatyczna,"",4x4,brak danych,hydrokinetyczne,235 km/h,6.8 s,brak danych,brak danych,5.5 l/100km,brak danych,brak danych,58 l,1055 km,"","",145 g/km,Euro 6d,1540 kg,2155 kg,1600 kg,745 kg,64 kg,brak danych,brak danych,dostępny,55268818,8
Alfa Romeo Giulia II Sedan Facelifting 2.0 Turbo 200KM 147kW 2020-2023,alfa romeo,giulia,https://www.autocentrum.pl/dane-techniczne/alfa-romeo/giulia/ii/sedan-facelifting/silnik-benzynowy-2.0-turbo-200km-2020-2023/,4,5,10.0 m,brak danych,4643 mm,1860 mm,1436 mm,2820 mm,brak danych,brak danych,795 mm,1028 mm,155 mm,brak danych,2024 mm,brak danych,brak danych,brak danych,brak danych,brak danych,brak danych,brak danych,brak danych,brak danych,brak danych,brak danych,brak danych,brak danych,brak danych,brak danych,brak danych,brak danych,brak danych,brak danych,brak danych,brak danych,brak danych,brak danych,brak danych,brak danych,brak danych,brak danych,brak danych,brak danych,brak danych,brak danych,brak danych,480 l,brak danych,brak danych,brak danych,brak danych,brak danych,brak danych,brak danych,brak danych,brak danych,brak danych,brak danych,brak danych,brak danych,brak danych,brak danych,brak danych,brak danych,od 2020 do 2023 roku,1995 cm³,benzynowy,200 KM (147 kW) przy 4500 obr/min,330 Nm przy 1750 obr/min,turbosprężarkowe,brak danych,4,rzędowy,16,"",brak danych,elektroniczny,brak danych,brak danych,"fazowany, sekwencyjny wtrysk, wielopunktowy MPI z turbosprężarką o stałej geometrii łopatek i chłodnicą powietrza doładowującego",brak danych,przekładnia zębatkowa ze wspomaganiem elektrycznym,brak danych,brak danych,brak danych,brak danych,brak danych,tarczowe,tarczowe,330 mm,320 mm,brak danych,brak danych,brak danych,brak danych,brak danych,brak danych,brak danych,automatyczna,"",na tylną oś,brak danych,brak danych,235 km/h,6.6 s,brak danych,brak danych,6.4 l/100km,5.3 l/100km,8.2 l/100km,58 l,906 km,1094 km,707 km,144 g/km,Euro 6d,1429 kg,brak danych,brak danych,brak danych,brak danych,brak danych,brak danych,dostępny,brak danych,8
Alfa Romeo Giulia II Sedan Facelifting 2.0 Turbo 280KM 206kW 2020-2023,alfa romeo,giulia,https://www.autocentrum.pl/dane-techniczne/alfa-romeo/giulia/ii/sedan-facelifting/silnik-benzynowy-2.0-turbo-280km-2020-2023/,4,5,10.0 m,brak danych,4643 mm,1860 mm,1436 mm,2820 mm,brak danych,brak danych,795 mm,1028 mm,155 mm,brak danych,2024 mm,brak danych,brak danych,brak danych,brak danych,brak danych,brak danych,brak danych,brak danych,brak danych,brak danych,brak danych,brak danych,brak danych,brak danych,brak danych,brak danych,brak danych,brak danych,brak danych,brak danych,brak danych,brak danych,brak danych,brak danych,brak danych,brak danych,brak danych,brak danych,brak danych,brak danych,brak danych,brak danych,480 l,brak danych,brak danych,brak danych,brak danych,brak danych,brak danych,brak danych,brak danych,brak danych,brak danych,brak danych,brak danych,brak danych,brak danych,brak danych,brak danych,brak danych,od 2020 do 2023 roku,1995 cm³,benzynowy,280 KM (206 kW) przy 5250 obr/min,400 Nm przy 2250 obr/min,turbosprężarkowe,brak danych,4,rzędowy,16,"",brak danych,elektroniczny,brak danych,brak danych,"fazowany, sekwencyjny wtrysk, wielopunktowy MPI z turbosprężarką o stałej geometrii łopatek i chłodnicą powietrza doładowującego",brak danych,przekładnia zębatkowa ze wspomaganiem elektrycznym,brak danych,brak danych,brak danych,brak danych,brak danych,tarczowe,tarczowe,330 mm,320 mm,brak danych,brak danych,brak danych,brak danych,brak danych,brak danych,brak danych,automatyczna,"",4x4,brak danych,brak danych,240 km/h,5.2 s,brak danych,brak danych,6.9 l/100km,5.8 l/100km,8.7 l/100km,58 l,841 km,1000 km,667 km,156 g/km,Euro 6d,1530 kg,brak danych,brak danych,brak danych,brak danych,brak danych,brak danych,dostępny,brak danych,8
Alfa Romeo Giulia II Sedan Facelifting 2.9 Turbo 510KM 375kW 2020-2023,alfa romeo,giulia,https://www.autocentrum.pl/dane-techniczne/alfa-romeo/giulia/ii/sedan-facelifting/silnik-benzynowy-2.9-turbo-510km-2020-2023/,4,5,10.0 m,brak danych,4643 mm,1860 mm,1436 mm,2820 mm,brak danych,brak danych,795 mm,1028 mm,155 mm,brak danych,2024 mm,brak danych,brak danych,brak danych,brak danych,brak danych,brak danych,brak danych,brak danych,brak danych,brak danych,brak danych,brak danych,brak danych,brak danych,brak danych,brak danych,brak danych,brak danych,brak danych,brak danych,brak danych,brak danych,brak danych,brak danych,brak danych,brak danych,brak danych,brak danych,brak danych,brak danych,brak danych,brak danych,480 l,brak danych,brak danych,brak danych,brak danych,brak danych,brak danych,brak danych,brak danych,brak danych,brak danych,brak danych,brak danych,brak danych,brak danych,brak danych,brak danych,brak danych,od 2020 do 2023 roku,2895 cm³,benzynowy,510 KM (375 kW) przy 6500 obr/min,600 Nm przy 2500 obr/min,turbosprężarkowe,brak danych,6,widlasty,24,"",brak danych,brak danych,bezpośredni,"z przodu, podłużnie",brak danych,brak danych,przekładnia zębatkowa ze wspomaganiem elektrycznym,brak danych,brak danych,brak danych,brak danych,brak danych,tarczowe,tarczowe,330 mm,320 mm,brak danych,brak danych,brak danych,brak danych,brak danych,brak danych,brak danych,automatyczna,"",na tylną oś,brak danych,brak danych,307 km/h,3.9 s,brak danych,brak danych,9.1 l/100km,7.5 l/100km,12.1 l/100km,58 l,637 km,773 km,479 km,211 g/km,Euro 6d,1620 kg,2150 kg,brak danych,brak danych,brak danych,brak danych,brak danych,dostępny,brak danych,8
Alfa Romeo Giulia II Sedan Facelifting 2.2 JTDM 136KM 100kW 2020-2023,alfa romeo,giulia,https://www.autocentrum.pl/dane-techniczne/alfa-romeo/giulia/ii/sedan-facelifting/silnik-diesla-2.2-jtdm-136km-2020-2023/,4,5,10.0 m,brak danych,4643 mm,1860 mm,1436 mm,2820 mm,brak danych,brak danych,795 mm,1028 mm,155 mm,brak danych,2024 mm,brak danych,brak danych,brak danych,brak danych,brak danych,brak danych,brak danych,brak danych,brak danych,brak danych,brak danych,brak danych,brak danych,brak danych,brak danych,brak danych,brak danych,brak danych,brak danych,brak danych,brak danych,brak danych,brak danych,brak danych,brak danych,brak danych,brak danych,brak danych,brak danych,brak danych,brak danych,brak danych,480 l,brak danych,brak danych,brak danych,brak danych,brak danych,brak danych,brak danych,brak danych,brak danych,brak danych,brak danych,brak danych,brak danych,brak danych,brak danych,brak danych,brak danych,od 2020 do 2023 roku,2143 cm³,diesel,136 KM (100 kW) przy 3250 obr/min,450 Nm przy 1750 obr/min,turbosprężarkowe,brak danych,4,rzędowy,16,"",brak danych,brak danych,bezpośredni Common Rail,"z przodu, podłużnie",brak danych,brak danych,przekładnia zębatkowa ze wspomaganiem elektrycznym,brak danych,brak danych,brak danych,brak danych,brak danych,tarczowe,tarczowe,305 mm,292 mm,brak danych,brak danych,brak danych,brak danych,brak danych,brak danych,brak danych,automatyczna,"",na tylną oś,brak danych,brak danych,210 km/h,9.5 s,brak danych,brak danych,4.8 l/100km,4.1 l/100km,6.1 l/100km,52 l,1083 km,1268 km,852 km,127 g/km,Euro 6d,1465 kg,brak danych,brak danych,brak danych,brak danych,brak danych,brak danych,dostępny,brak danych,8
Alfa Romeo Giulia II Sedan Facelifting 2.2 Turbo 160KM 118kW 2020,alfa romeo,giulia,https://www.autocentrum.pl/dane-techniczne/alfa-romeo/giulia/ii/sedan-facelifting/silnik-diesla-2.2-turbo-160km-2020/,4,5,10.0 m,brak danych,4643 mm,1860 mm,1436 mm,2820 mm,brak danych,brak danych,795 mm,1028 mm,155 mm,brak danych,2024 mm,brak danych,brak danych,brak danych,brak danych,brak danych,brak danych,brak danych,brak danych,brak danych,brak danych,brak danych,brak danych,brak danych,brak danych,brak danych,brak danych,brak danych,brak danych,brak danych,brak danych,brak danych,brak danych,brak danych,brak danych,brak danych,brak danych,brak danych,brak danych,brak danych,brak danych,brak danych,brak danych,480 l,brak danych,brak danych,brak danych,brak danych,brak danych,brak danych,brak danych,brak danych,brak danych,brak danych,brak danych,brak danych,brak danych,brak danych,brak danych,brak danych,brak danych,w 2020 roku,2143 cm³,diesel,160 KM (118 kW) przy 3750 obr/min,450 Nm przy 1750 obr/min,intercooler,brak danych,4,rzędowy,16,"",brak danych,brak danych,bezpośredni Common Rail,brak danych,brak danych,brak danych,przekładnia zębatkowa ze wspomaganiem elektrycznym,brak danych,brak danych,brak danych,brak danych,brak danych,tarczowe,tarczowe,305 mm,292 mm,brak danych,brak danych,brak danych,brak danych,brak danych,brak danych,brak danych,automatyczna,"",na tylną oś,brak danych,brak danych,220 km/h,8.2 s,brak danych,brak danych,5.0 l/100km,4.2 l/100km,6.2 l/100km,52 l,1040 km,1238 km,839 km,131 g/km,Euro 6d,1465 kg,brak danych,brak danych,brak danych,brak danych,brak danych,brak danych,dostępny,brak danych,8
Alfa Romeo Giulia II Sedan Facelifting 2.2 Turbo 190KM 140kW 2020-2023,alfa romeo,giulia,https://www.autocentrum.pl/dane-techniczne/alfa-romeo/giulia/ii/sedan-facelifting/silnik-diesla-2.2-turbo-190km-2020-2023/,4,5,10.0 m,brak danych,4643 mm,1860 mm,1436 mm,2820 mm,brak danych,brak danych,795 mm,1028 mm,155 mm,brak danych,2024 mm,brak danych,brak danych,brak danych,brak danych,brak danych,brak danych,brak danych,brak danych,brak danych,brak danych,brak danych,brak danych,brak danych,brak danych,brak danych,brak danych,brak danych,brak danych,brak danych,brak danych,brak danych,brak danych,brak danych,brak danych,brak danych,brak danych,brak danych,brak danych,brak danych,brak danych,brak danych,brak danych,480 l,brak danych,brak danych,brak danych,brak danych,brak danych,brak danych,brak danych,brak danych,brak danych,brak danych,brak danych,brak danych,brak danych,brak danych,brak danych,brak danych,brak danych,od 2020 do 2023 roku,2143 cm³,diesel,190 KM (140 kW) przy 3500 obr/min,450 Nm przy 1750 obr/min,intercooler,brak danych,4,rzędowy,16,"",brak danych,brak danych,bezpośredni Common Rail,brak danych,brak danych,brak danych,przekładnia zębatkowa ze wspomaganiem elektrycznym,brak danych,brak danych,brak danych,brak danych,brak danych,tarczowe,tarczowe,305 mm,292 mm,brak danych,brak danych,brak danych,brak danych,brak danych,brak danych,brak danych,automatyczna,"",4x4,brak danych,brak danych,230 km/h,6.9 s,brak danych,brak danych,5.2 l/100km,4.5 l/100km,6.4 l/100km,52 l,1000 km,1156 km,812 km,137 g/km,Euro 6d,1540 kg,brak danych,brak danych,brak danych,brak danych,brak danych,brak danych,dostępny,brak danych,8
Alfa Romeo Giulia II Sedan Facelifting 2.2 Turbo 210KM 154kW 2020-2023,alfa romeo,giulia,https://www.autocentrum.pl/dane-techniczne/alfa-romeo/giulia/ii/sedan-facelifting/silnik-diesla-2.2-turbo-210km-2020-2023/,4,5,10.0 m,brak danych,4643 mm,1860 mm,1436 mm,2820 mm,brak danych,brak danych,795 mm,1028 mm,155 mm,brak danych,2024 mm,brak danych,brak danych,brak danych,brak danych,brak danych,brak danych,brak danych,brak danych,brak danych,brak danych,brak danych,brak danych,brak danych,brak danych,brak danych,brak danych,brak danych,brak danych,brak danych,brak danych,brak danych,brak danych,brak danych,brak danych,brak danych,brak danych,brak danych,brak danych,brak danych,brak danych,brak danych,brak danych,480 l,brak danych,brak danych,brak danych,brak danych,brak danych,brak danych,brak danych,brak danych,brak danych,brak danych,brak danych,brak danych,brak danych,brak danych,brak danych,brak danych,brak danych,od 2020 do 2023 roku,2143 cm³,diesel,210 KM (154 kW) przy 3500 obr/min,470 Nm przy 1750 obr/min,intercooler,brak danych,4,rzędowy,16,"",brak danych,brak danych,bezpośredni Common Rail,brak danych,brak danych,brak danych,przekładnia zębatkowa ze wspomaganiem elektrycznym,brak danych,brak danych,brak danych,brak danych,brak danych,tarczowe,tarczowe,305 mm,292 mm,brak danych,brak danych,brak danych,brak danych,brak danych,brak danych,brak danych,automatyczna,"",4x4,brak danych,brak danych,235 km/h,6.8 s,brak danych,brak danych,brak danych,brak danych,brak danych,52 l,"","","",brak danych,Euro 6d,1540 kg,brak danych,brak danych,brak danych,brak danych,brak danych,brak danych,dostępny,brak danych,8
Alfa Romeo Giulia II Sedan 2.0 TBi 280KM 206kW 2016-2019,alfa romeo,giulia,https://www.autocentrum.pl/dane-techniczne/alfa-romeo/giulia/ii/sedan/silnik-benzynowy-2.0-tbi-280km-2016-2019/,4,5,10.8 m,5.4 m,4637 mm,brak danych,1425 mm,2819 mm,1559 mm,1604 mm,795 mm,1028 mm,152 mm,brak danych,2021 mm,brak danych,brak danych,brak danych,brak danych,brak danych,brak danych,brak danych,brak danych,955 mm,1425 mm,brak danych,brak danych,brak danych,brak danych,brak danych,brak danych,brak danych,955 mm,brak danych,brak danych,brak danych,1362 mm,brak danych,brak danych,brak danych,brak danych,brak danych,brak danych,brak danych,brak danych,brak danych,brak danych,480 l,1500 l,brak danych,brak danych,brak danych,brak danych,brak danych,brak danych,brak danych,brak danych,brak danych,brak danych,brak danych,brak danych,brak danych,brak danych,brak danych,brak danych,od 2016 do 2019 roku,1995 cm³,benzynowy,280 KM (206 kW) przy 5250 obr/min,400 Nm przy 2250 obr/min,turbosprężarkowe,DOHC,4,rzędowy,16,10.0 : 1,84 × 90 mm,elektroniczny,bezpośredni,"z przodu, podłużnie",brak danych,brak danych,przekładnia zębatkowa ze wspomaganiem elektrycznym,225/40 R19; 225/45 R18,225/35 R19,brak danych,brak danych,brak danych,tarczowe wentylowane,tarczowe wentylowane,brak danych,brak danych,brak danych,brak danych,brak danych,brak danych,system czworoboku wysokiego,system o architekturze Multilink,gazowe,automatyczna,"",4x4,AT8,brak danych,240 km/h,5.0 s,brak danych,brak danych,7.0 l/100km,6.0 l/100km,9.0 l/100km,58 l,829 km,967 km,644 km,175 g/km,Euro 6,1530 kg,brak danych,brak danych,brak danych,brak danych,brak danych,brak danych,dostępny,brak danych,8
Alfa Romeo Giulia II Sedan 2.0 Turbo 200KM 147kW 2015-2019,alfa romeo,giulia,https://www.autocentrum.pl/dane-techniczne/alfa-romeo/giulia/ii/sedan/silnik-benzynowy-2.0-turbo-200km-2015-2019/,4,5,10.8 m,5.4 m,4637 mm,brak danych,1425 mm,2819 mm,1559 mm,1604 mm,795 mm,1028 mm,152 mm,brak danych,2021 mm,brak danych,brak danych,brak danych,brak danych,brak danych,brak danych,brak danych,brak danych,955 mm,1425 mm,brak danych,brak danych,brak danych,brak danych,brak danych,brak danych,brak danych,955 mm,brak danych,brak danych,brak danych,1362 mm,brak danych,brak danych,brak danych,brak danych,brak danych,brak danych,brak danych,brak danych,brak danych,brak danych,480 l,1500 l,brak danych,brak danych,brak danych,brak danych,brak danych,brak danych,brak danych,brak danych,brak danych,brak danych,brak danych,brak danych,brak danych,brak danych,brak danych,brak danych,od 2015 do 2019 roku,1995 cm³,benzynowy,200 KM (147 kW) przy 5000 obr/min,330 Nm przy 1750 obr/min,turbodoładowanie o zmiennej geometrii (Variable Geometry Turbo),DOHC,4,rzędowy,16,10.0 : 1,84 × 90 mm,elektroniczny,bezpośredni,"z przodu, podłużnie",brak danych,brak danych,przekładnia zębatkowa ze wspomaganiem elektrycznym,225/50 R17,225/40 R19; 225/45 R18,brak danych,brak danych,brak danych,tarczowe wentylowane,tarczowe wentylowane,305 mm,292 mm,brak danych,brak danych,brak danych,brak danych,wielowahaczowe double wishbone,system o architekturze Multilink,gazowe,automatyczna,"",na tylną oś,AT8,brak danych,235 km/h,6.0 s,brak danych,brak danych,6.0 l/100km,5.0 l/100km,8.0 l/100km,58 l,967 km,1160 km,725 km,152 g/km,Euro 6,1429 kg,brak danych,brak danych,brak danych,brak danych,brak danych,brak danych,dostępny,brak danych,8
Alfa Romeo Giulia II Sedan 2.9 V6 510KM 375kW 2015-2019,alfa romeo,giulia,https://www.autocentrum.pl/dane-techniczne/alfa-romeo/giulia/ii/sedan/silnik-benzynowy-2.9-v6-510km-2015-2019/,4,5,10.8 m,5.4 m,4637 mm,brak danych,1425 mm,2819 mm,1559 mm,1604 mm,795 mm,1028 mm,152 mm,brak danych,2021 mm,brak danych,brak danych,brak danych,brak danych,brak danych,brak danych,brak danych,brak danych,955 mm,1425 mm,brak danych,brak danych,brak danych,brak danych,brak danych,brak danych,brak danych,955 mm,brak danych,brak danych,brak danych,1362 mm,brak danych,brak danych,brak danych,brak danych,brak danych,brak danych,brak danych,brak danych,brak danych,brak danych,480 l,1500 l,brak danych,brak danych,brak danych,brak danych,brak danych,brak danych,brak danych,brak danych,brak danych,brak danych,brak danych,brak danych,brak danych,brak danych,brak danych,brak danych,od 2015 do 2019 roku,2891 cm³,benzynowy,510 KM (375 kW) przy 6500 obr/min,600 Nm przy 2500-5500 obr/min,turbosprężarkowe,DOHC,6,widlasty,24,9.0 : 1,86.5 × 82 mm,brak danych,brak danych,"z przodu, podłużnie",brak danych,brak danych,przekładnia zębatkowa ze wspomaganiem elektrycznym,245/35 R19,225/45 R19; 245/40 R19,brak danych,brak danych,brak danych,tarczowe wentylowane,tarczowe wentylowane,360 mm,350 mm,brak danych,brak danych,brak danych,brak danych,brak danych,brak danych,brak danych,automatyczna,6,na tylną oś,AT8,brak danych,307 km/h,3.0 s,brak danych,brak danych,7.0 l/100km,9.0 l/100km,11.0 l/100km,58 l,829 km,644 km,527 km,212 g/km,Euro 6d,1620 kg,brak danych,brak danych,brak danych,brak danych,brak danych,brak danych,dostępny,brak danych,8
Alfa Romeo Giulia II Sedan 2.2 JTD 150KM 110kW 2015-2018,alfa romeo,giulia,https://www.autocentrum.pl/dane-techniczne/alfa-romeo/giulia/ii/sedan/silnik-diesla-2.2-jtd-150km-2015-2018/,4,5,10.8 m,5.4 m,4637 mm,brak danych,1425 mm,2819 mm,1559 mm,1604 mm,795 mm,1028 mm,152 mm,brak danych,2021 mm,brak danych,brak danych,brak danych,brak danych,brak danych,brak danych,brak danych,brak danych,955 mm,1425 mm,brak danych,brak danych,brak danych,brak danych,brak danych,brak danych,brak danych,955 mm,brak danych,brak danych,brak danych,1362 mm,brak danych,brak danych,brak danych,brak danych,brak danych,brak danych,brak danych,brak danych,brak danych,brak danych,480 l,1500 l,brak danych,brak danych,brak danych,brak danych,brak danych,brak danych,brak danych,brak danych,brak danych,brak danych,brak danych,brak danych,brak danych,brak danych,brak danych,brak danych,od 2015 do 2018 roku,2143 cm³,diesel,150 KM (110 kW) przy 4000 obr/min,380 Nm przy 1500 obr/min,turbosprężarkowe,DOHC,4,rzędowy,16,"",brak danych,brak danych,bezpośredni Common Rail,brak danych,brak danych,brak danych,brak danych,brak danych,brak danych,brak danych,brak danych,brak danych,tarczowe wentylowane,tarczowe,brak danych,brak danych,brak danych,brak danych,brak danych,brak danych,brak danych,brak danych,brak danych,automatyczna,6,na tylną oś,brak danych,brak danych,220 km/h,8.2 s,brak danych,brak danych,4.2 l/100km,3.5 l/100km,5.3 l/100km,58 l,1381 km,1657 km,1094 km,109 g/km,Euro 6,1445 kg,brak danych,brak danych,brak danych,brak danych,brak danych,brak danych,brak danych,brak danych,8
Alfa Romeo Giulia II Sedan 2.2 JTD 180KM 132kW 2015-2018,alfa romeo,giulia,https://www.autocentrum.pl/dane-techniczne/alfa-romeo/giulia/ii/sedan/silnik-diesla-2.2-jtd-180km-2015-2018/,4,5,10.8 m,5.4 m,4637 mm,brak danych,1425 mm,2819 mm,1559 mm,1604 mm,795 mm,1028 mm,152 mm,brak danych,2021 mm,brak danych,brak danych,brak danych,brak danych,brak danych,brak danych,brak danych,brak danych,955 mm,1425 mm,brak danych,brak danych,brak danych,brak danych,brak danych,brak danych,brak danych,955 mm,brak danych,brak danych,brak danych,1362 mm,brak danych,brak danych,brak danych,brak danych,brak danych,brak danych,brak danych,brak danych,brak danych,brak danych,480 l,1500 l,brak danych,brak danych,brak danych,brak danych,brak danych,brak danych,brak danych,brak danych,brak danych,brak danych,brak danych,brak danych,brak danych,brak danych,brak danych,brak danych,od 2015 do 2018 roku,2143 cm³,diesel,180 KM (132 kW) przy 3750 obr/min,450 Nm przy 1750 obr/min,turbosprężarkowe,DOHC,4,rzędowy,16,16.0 : 1,83 × 99 mm,elektroniczny,bezpośredni Common Rail,brak danych,brak danych,brak danych,przekładnia zębatkowa ze wspomaganiem elektrycznym,225/50 R17,brak danych,brak danych,brak danych,brak danych,tarczowe wentylowane,tarczowe wentylowane,305 mm,292 mm,brak danych,brak danych,brak danych,brak danych,wielowahaczowe,wielowahaczowe,gazowe,automatyczna,6,4x4,brak danych,hydrokinetyczne,230 km/h,7.1 s,brak danych,brak danych,4.2 l/100km,3.5 l/100km,5.3 l/100km,58 l,1381 km,1657 km,1094 km,106 g/km,Euro 6,1445 kg,brak danych,brak danych,brak danych,brak danych,brak danych,brak danych,brak danych,brak danych,8
Alfa Romeo Giulia II Sedan 2.2 JTD 210KM 154kW 2016-2019,alfa romeo,giulia,https://www.autocentrum.pl/dane-techniczne/alfa-romeo/giulia/ii/sedan/silnik-diesla-2.2-jtd-210km-2016-2019/,4,5,10.8 m,5.4 m,4637 mm,brak danych,1425 mm,2819 mm,1559 mm,1604 mm,795 mm,1028 mm,152 mm,brak danych,2021 mm,brak danych,brak danych,brak danych,brak danych,brak danych,brak danych,brak danych,brak danych,955 mm,1425 mm,brak danych,brak danych,brak danych,brak danych,brak danych,brak danych,brak danych,955 mm,brak danych,brak danych,brak danych,1362 mm,brak danych,brak danych,brak danych,brak danych,brak danych,brak danych,brak danych,brak danych,brak danych,brak danych,480 l,1500 l,brak danych,brak danych,brak danych,brak danych,brak danych,brak danych,brak danych,brak danych,brak danych,brak danych,brak danych,brak danych,brak danych,brak danych,brak danych,brak danych,od 2016 do 2019 roku,2143 cm³,diesel,210 KM (154 kW) przy 3750 obr/min,470 Nm przy 1750 obr/min,turbosprężarkowe,DOHC,4,rzędowy,16,"",brak danych,brak danych,bezpośredni Common Rail,brak danych,brak danych,brak danych,brak danych,brak danych,brak danych,brak danych,brak danych,brak danych,tarczowe wentylowane,tarczowe wentylowane,brak danych,brak danych,brak danych,brak danych,brak danych,brak danych,brak danych,brak danych,brak danych,automatyczna,"",4x4,AT8,brak danych,235 km/h,6.0 s,brak danych,brak danych,5.0 l/100km,4.0 l/100km,6.0 l/100km,58 l,1160 km,1450 km,967 km,144 g/km,Euro 6d,1540 kg,brak danych,brak danych,brak danych,brak danych,brak danych,brak danych,dostępny,brak danych,8
"Alfa Romeo Giulia II Sedan 2,2 JtdM-2 160KM 118kW 2018-2019",alfa romeo,giulia,https://www.autocentrum.pl/dane-techniczne/alfa-romeo/giulia/ii/sedan/silnik-diesla-22-jtdm-2-160km-2018-2019/,4,5,10.8 m,5.4 m,4637 mm,brak danych,1425 mm,2819 mm,1559 mm,1604 mm,795 mm,1028 mm,152 mm,brak danych,2021 mm,brak danych,brak danych,brak danych,brak danych,brak danych,brak danych,brak danych,brak danych,955 mm,1425 mm,brak danych,brak danych,brak danych,brak danych,brak danych,brak danych,brak danych,955 mm,brak danych,brak danych,brak danych,1362 mm,brak danych,brak danych,brak danych,brak danych,brak danych,brak danych,brak danych,brak danych,brak danych,brak danych,480 l,1500 l,brak danych,brak danych,brak danych,brak danych,brak danych,brak danych,brak danych,brak danych,brak danych,brak danych,brak danych,brak danych,brak danych,brak danych,brak danych,brak danych,od 2018 do 2019 roku,2143 cm³,diesel,160 KM (118 kW) przy 3250 obr/min,400 Nm przy 1500 obr/min,turbosprężarka ze zmienną geometrią i z intercoolerem,DOHC,4,rzędowy,16,"",15.5,brak danych,bezpośredni Common Rail,brak danych,brak danych,brak danych,przekładnia zębatkowa ze wspomaganiem elektrycznym,205/60 R16,225/40 R19; 225/45 R18; 225/50 R17,brak danych,brak danych,brak danych,tarczowe wentylowane,tarczowe,305 mm,292 mm,brak danych,brak danych,brak danych,brak danych,"podwójne wahacze, stabilizator, sprężyny śrubowe",brak danych,brak danych,automatyczna,6,na tylną oś,AT8,brak danych,220 km/h,8.0 s,brak danych,brak danych,5.0 l/100km,4.0 l/100km,6.0 l/100km,58 l,1160 km,1450 km,967 km,130 g/km,Euro 6d,1465 kg,brak danych,brak danych,brak danych,brak danych,brak danych,brak danych,dostępny,brak danych,8
"Alfa Romeo Giulia II Sedan 2,2 JtdM-2  190KM 140kW 2018-2019",alfa romeo,giulia,https://www.autocentrum.pl/dane-techniczne/alfa-romeo/giulia/ii/sedan/silnik-diesla-22-jtdm-2-190km-2018-2019/,4,5,10.8 m,5.4 m,4637 mm,brak danych,1425 mm,2819 mm,1559 mm,1604 mm,795 mm,1028 mm,152 mm,brak danych,2021 mm,brak danych,brak danych,brak danych,brak danych,brak danych,brak danych,brak danych,brak danych,955 mm,1425 mm,brak danych,brak danych,brak danych,brak danych,brak danych,brak danych,brak danych,955 mm,brak danych,brak danych,brak danych,1362 mm,brak danych,brak danych,brak danych,brak danych,brak danych,brak danych,brak danych,brak danych,brak danych,brak danych,480 l,1500 l,brak danych,brak danych,brak danych,brak danych,brak danych,brak danych,brak danych,brak danych,brak danych,brak danych,brak danych,brak danych,brak danych,brak danych,brak danych,brak danych,od 2018 do 2019 roku,2143 cm³,diesel,190 KM (140 kW) przy 3500 obr/min,400 Nm przy 1500 obr/min,turbosprężarka ze zmienną geometrią i z intercoolerem,DOHC,4,rzędowy,16,15.5 : 1,brak danych,brak danych,bezpośredni Common Rail,brak danych,brak danych,brak danych,przekładnia zębatkowa ze wspomaganiem elektrycznym,205/60 R16,225/40 R19; 225/45 R18; 225/50 R17,brak danych,brak danych,brak danych,tarczowe wentylowane,tarczowe,305 mm,292 mm,brak danych,brak danych,brak danych,brak danych,"podwójne wahacze, stabilizator, sprężyny śrubowe",brak danych,brak danych,automatyczna,6,4x4,AT8,brak danych,230 km/h,6.0 s,brak danych,brak danych,5.0 l/100km,4.0 l/100km,6.0 l/100km,58 l,1160 km,1450 km,967 km,144 g/km,Euro 6d,1540 kg,brak danych,brak danych,brak danych,brak danych,brak danych,brak danych,dostępny,brak danych,8
Alfa Romeo Giulietta Nuova I 1.3 95KM 70kW 1977-1983,alfa romeo,giulietta nuova,https://www.autocentrum.pl/dane-techniczne/alfa-romeo/giulietta-nuova/i/silnik-benzynowy-1.3-95km-1977-1983/,4,5,"","",4210 mm,1650 mm,1400 mm,2510 mm,"","","","","","","","","","","","","","","","","","","","","","","","","","","","","","","","","","","","","","","","","","","","","","","","","","","","","","","","","",od 1977 do 1983 roku,1357 cm³,benzynowy,95 KM (70 kW) przy 6000 obr/min,121 Nm przy 4500 obr/min,"",SOHC (OHC),4,rzędowy,8,9.0 : 1,80 × 67.5 mm,"",gaźnik,"z przodu, poprzecznie","","","","","","","","","","","","","","","","","","","",manualna,5,na przednią oś,"","",165 km/h,12.5 s,"","",9.0 l/100km,7.3 l/100km,10.2 l/100km,"","","","","","",1070 kg,1470 kg,"","","","","","","",""
Alfa Romeo Giulietta Nuova I 1.6 109KM 80kW 1977-1985,alfa romeo,giulietta nuova,https://www.autocentrum.pl/dane-techniczne/alfa-romeo/giulietta-nuova/i/silnik-benzynowy-1.6-109km-1977-1985/,4,5,"","",4210 mm,1650 mm,1400 mm,2510 mm,"","","","","","","","","","","","","","","","","","","","","","","","","","","","","","","","","","","","","","","","","","","","","","","","","","","","","","","","","",od 1977 do 1985 roku,1570 cm³,benzynowy,109 KM (80 kW) przy 5600 obr/min,142 Nm przy 4300 obr/min,"",SOHC (OHC),4,rzędowy,8,9.0 : 1,78 × 82 mm,"",gaźnik,"z przodu, poprzecznie","","","","","","","","","","","","","","","","","","","",manualna,5,na przednią oś,"","",175 km/h,11.5 s,"","",9.1 l/100km,7.0 l/100km,10.8 l/100km,"","","","","","",1070 kg,1470 kg,"","","","","","","",""
Alfa Romeo Giulietta Nuova I 1.8 122KM 90kW 1979-1985,alfa romeo,giulietta nuova,https://www.autocentrum.pl/dane-techniczne/alfa-romeo/giulietta-nuova/i/silnik-benzynowy-1.8-122km-1979-1985/,4,5,"","",4210 mm,1650 mm,1400 mm,2510 mm,"","","","","","","","","","","","","","","","","","","","","","","","","","","","","","","","","","","","","","","","","","","","","","","","","","","","","","","","","",od 1979 do 1985 roku,1779 cm³,benzynowy,122 KM (90 kW) przy 5300 obr/min,167 Nm przy 4000 obr/min,"",SOHC (OHC),4,rzędowy,8,10.0 : 1,80 × 88.5 mm,"","","z przodu, poprzecznie","","","","","","","","","","","","","","","","","","","",manualna,5,na przednią oś,"","",180 km/h,11.0 s,"","",9.9 l/100km,7.0 l/100km,13.1 l/100km,"","","","","","",1100 kg,1470 kg,"","","","","","","",""
Alfa Romeo Giulietta Nuova I 1.8 Turbo 150KM 110kW 1984-1985,alfa romeo,giulietta nuova,https://www.autocentrum.pl/dane-techniczne/alfa-romeo/giulietta-nuova/i/silnik-benzynowy-1.8-turbo-150km-1984-1985/,4,5,"","",4210 mm,1650 mm,1400 mm,2510 mm,"","","","","","","","","","","","","","","","","","","","","","","","","","","","","","","","","","","","","","","","","","","","","","","","","","","","","","","","","",od 1984 do 1985 roku,1779 cm³,benzynowy,150 KM (110 kW),"",turbosprężarkowe,SOHC (OHC),4,rzędowy,8,9.5 : 1,80 × 88.5 mm,iskrowy,wielopunktowy (MPI),"","","","",185/70 R13,"","","","",tarczowe,tarczowe,"","","","","","","","",gazowe,"","","","","","","","","","","","","","","","","","","","","","","","","","","",""
Alfa Romeo Giulietta Nuova I 2.0 131KM 96kW 1980-1985,alfa romeo,giulietta nuova,https://www.autocentrum.pl/dane-techniczne/alfa-romeo/giulietta-nuova/i/silnik-benzynowy-2.0-131km-1980-1985/,4,5,"","",4210 mm,1650 mm,1400 mm,2510 mm,"","","","","","","","","","","","","","","","","","","","","","","","","","","","","","","","","","","","","","","","","","","","","","","","","","","","","","","","","",od 1980 do 1985 roku,1962 cm³,benzynowy,131 KM (96 kW) przy 5400 obr/min,181 Nm przy 4000 obr/min,"",SOHC (OHC),4,rzędowy,8,9.0 : 1,84 × 88.5 mm,"","","z przodu, poprzecznie","","","","","","","","","","","","","","","","","","","",manualna,5,na przednią oś,"","",185 km/h,9.7 s,"","",10.7 l/100km,"","","","","","","","",1100 kg,1520 kg,"","","","","","","",""
Alfa Romeo Giulietta Nuova I 2.0 Turbo 170KM 125kW 1983-1984,alfa romeo,giulietta nuova,https://www.autocentrum.pl/dane-techniczne/alfa-romeo/giulietta-nuova/i/silnik-benzynowy-2.0-turbo-170km-1983-1984/,4,5,"","",4210 mm,1650 mm,1400 mm,2510 mm,"","","","","","","","","","","","","","","","","","","","","","","","","","","","","","","","","","","","","","","","","","","","","","","","","","","","","","","","","",od 1983 do 1984 roku,1962 cm³,benzynowy,170 KM (125 kW) przy 5000 obr/min,283 Nm przy 3500 obr/min,turbosprężarkowe,SOHC (OHC),4,rzędowy,8,7.0 : 1,84 × 88.5 mm,"","","z przodu, poprzecznie","","","","","","","","","","","","","","","","","","","",manualna,5,na przednią oś,"","",206 km/h,7.5 s,"",28.2 s,11.7 l/100km,9.0 l/100km,14.0 l/100km,"","","","","","",1140 kg,1565 kg,"","","","","","","",""
Alfa Romeo Giulietta Nuova I 2.0 80KM 59kW 1977-1985,alfa romeo,giulietta nuova,https://www.autocentrum.pl/dane-techniczne/alfa-romeo/giulietta-nuova/i/silnik-diesla-2.0-80km-1977-1985/,4,5,"","",4210 mm,1650 mm,1400 mm,2510 mm,"","","","","","","","","","","","","","","","","","","","","","","","","","","","","","","","","","","","","","","","","","","","","","","","","","","","","","","","","",od 1977 do 1985 roku,1995 cm³,diesel,80 KM (59 kW) przy 4330 obr/min,162 Nm przy 2300 obr/min,turbosprężarkowe,SOHC (OHC),4,rzędowy,8,22.0 : 1,88 × 82 mm,"","","z przodu, poprzecznie","","","","","","","","","","","","","","","","","","","",manualna,5,na przednią oś,"","",155 km/h,15.0 s,"","",7.8 l/100km,6.2 l/100km,9.1 l/100km,"","","","","","",1230 kg,1655 kg,"","","","","","","",""
Alfa Romeo Giulietta Nuova II Hatchback 5d Facelifting 2016 1.4 TB 16v 120KM 88kW 2016-2020,alfa romeo,giulietta nuova,https://www.autocentrum.pl/dane-techniczne/alfa-romeo/giulietta-nuova/ii/hatchback-5d-facelifting-2016/silnik-benzynowy-1.4-tb-16v-120km-2016-2020/,5,5,10.9 m,5.5 m,4351 mm,1798 mm,1465 mm,2634 mm,1554 mm,1554 mm,955 mm,762 mm,113 mm,brak danych,brak danych,brak danych,brak danych,brak danych,brak danych,brak danych,brak danych,brak danych,brak danych,brak danych,brak danych,brak danych,brak danych,brak danych,brak danych,brak danych,brak danych,brak danych,brak danych,brak danych,brak danych,brak danych,brak danych,brak danych,brak danych,brak danych,brak danych,brak danych,brak danych,brak danych,brak danych,brak danych,brak danych,350 l,brak danych,brak danych,brak danych,brak danych,brak danych,brak danych,brak danych,brak danych,brak danych,brak danych,brak danych,brak danych,brak danych,brak danych,brak danych,brak danych,brak danych,od 2016 do 2020 roku,1368 cm³,benzynowy,120 KM (88 kW) przy 5000 obr/min,215 Nm przy 2500 obr/min,intercooler,DOHC,4,rzędowy,16,"",brak danych,brak danych,wielopunktowy (MPFI),"z przodu, poprzecznie",brak danych,Rozrząd: Pasek zębaty z hydraulicznymi popychaczami System Start&Stop: Standard,dwuzębatkowy,brak danych,brak danych,brak danych,brak danych,brak danych,tarczowe wentylowane,tarczowe,281 mm,264 mm,brak danych,brak danych,brak danych,brak danych,"McPherson unowocześniony z aluminiowymi zwrotnicami, stabilizator zamontowany na pionowych łącznikach",Multilink ze zredukowaną poprzeczną belką nośną z aluminium,brak danych,manualna,6,na przednią oś,brak danych,brak danych,195 km/h,9.0 s,brak danych,brak danych,7.0 l/100km,6.0 l/100km,8.0 l/100km,60 l,857 km,1000 km,750 km,164 g/km,Euro 6d,1280 kg,brak danych,brak danych,brak danych,brak danych,brak danych,brak danych,dostępny,brak danych,""
Alfa Romeo Giulietta Nuova II Hatchback 5d Facelifting 2016 1.4 TB 16v Mair 150KM 110kW 2016-2018,alfa romeo,giulietta nuova,https://www.autocentrum.pl/dane-techniczne/alfa-romeo/giulietta-nuova/ii/hatchback-5d-facelifting-2016/silnik-benzynowy-1.4-tb-16v-mair-150km-2016-2018/,5,5,10.9 m,5.5 m,4351 mm,1798 mm,1465 mm,2634 mm,1554 mm,1554 mm,955 mm,762 mm,113 mm,brak danych,brak danych,brak danych,brak danych,brak danych,brak danych,brak danych,brak danych,brak danych,brak danych,brak danych,brak danych,brak danych,brak danych,brak danych,brak danych,brak danych,brak danych,brak danych,brak danych,brak danych,brak danych,brak danych,brak danych,brak danych,brak danych,brak danych,brak danych,brak danych,brak danych,brak danych,brak danych,brak danych,brak danych,350 l,brak danych,brak danych,brak danych,brak danych,brak danych,brak danych,brak danych,brak danych,brak danych,brak danych,brak danych,brak danych,brak danych,brak danych,brak danych,brak danych,brak danych,od 2016 do 2018 roku,1368 cm³,benzynowy,150 KM (110 kW) przy 5500 obr/min,250 Nm przy 2500 obr/min,intercooler,DOHC,4,rzędowy,16,"",brak danych,brak danych,wielopunktowy (MPFI),"z przodu, poprzecznie",brak danych,brak danych,brak danych,brak danych,brak danych,brak danych,brak danych,brak danych,tarczowe wentylowane,tarczowe,305 mm,264 mm,brak danych,brak danych,brak danych,brak danych,kolumny McPhersona,system o architekturze Multilink,brak danych,manualna,6,na przednią oś,brak danych,brak danych,210 km/h,8.2 s,brak danych,brak danych,5.5 l/100km,brak danych,brak danych,60 l,1091 km,"","",brak danych,brak danych,1290 kg,brak danych,brak danych,brak danych,brak danych,brak danych,brak danych,brak danych,brak danych,""
Alfa Romeo Giulietta Nuova II Hatchback 5d Facelifting 2016 1.4 TB 16v Mair 170KM 125kW 2016-2018,alfa romeo,giulietta nuova,https://www.autocentrum.pl/dane-techniczne/alfa-romeo/giulietta-nuova/ii/hatchback-5d-facelifting-2016/silnik-benzynowy-1.4-tb-16v-mair-170km-2016-2018/,5,5,10.9 m,5.5 m,4351 mm,1798 mm,1465 mm,2634 mm,1554 mm,1554 mm,955 mm,762 mm,113 mm,brak danych,brak danych,brak danych,brak danych,brak danych,brak danych,brak danych,brak danych,brak danych,brak danych,brak danych,brak danych,brak danych,brak danych,brak danych,brak danych,brak danych,brak danych,brak danych,brak danych,brak danych,brak danych,brak danych,brak danych,brak danych,brak danych,brak danych,brak danych,brak danych,brak danych,brak danych,brak danych,brak danych,brak danych,350 l,brak danych,brak danych,brak danych,brak danych,brak danych,brak danych,brak danych,brak danych,brak danych,brak danych,brak danych,brak danych,brak danych,brak danych,brak danych,brak danych,brak danych,od 2016 do 2018 roku,1368 cm³,benzynowy,170 KM (125 kW) przy 5500 obr/min,250 Nm przy 2250 obr/min,intercooler,DOHC,4,rzędowy,16,"",brak danych,brak danych,wielopunktowy (MPFI),"z przodu, poprzecznie",brak danych,Rozrząd: Pasek zębaty z hydraulicznymi popychaczami i systemem MultiAir System Start&Stop Standard,brak danych,brak danych,brak danych,brak danych,brak danych,brak danych,tarczowe wentylowane,tarczowe,305 mm,264 mm,brak danych,brak danych,brak danych,brak danych,"McPherson unowocześniony z aluminiowymi zwrotnicami, stabilizator zamontowany na pionowych łącznikach",Multilink ze zredukowaną poprzeczną belką nośną z aluminium,brak danych,automatyczna,"",na przednią oś,brak danych,brak danych,218 km/h,7.7 s,brak danych,brak danych,4.9 l/100km,brak danych,brak danych,60 l,1224 km,"","",brak danych,brak danych,1305 kg,brak danych,brak danych,brak danych,brak danych,brak danych,brak danych,brak danych,brak danych,6
Alfa Romeo Giulietta Nuova II Hatchback 5d Facelifting 2016 1750 TBi 240KM 177kW 2016-2018,alfa romeo,giulietta nuova,https://www.autocentrum.pl/dane-techniczne/alfa-romeo/giulietta-nuova/ii/hatchback-5d-facelifting-2016/silnik-benzynowy-1750-tbi-240km-2016-2018/,5,5,10.9 m,5.5 m,4351 mm,1798 mm,1465 mm,2634 mm,1554 mm,1554 mm,955 mm,762 mm,113 mm,brak danych,brak danych,brak danych,brak danych,brak danych,brak danych,brak danych,brak danych,brak danych,brak danych,brak danych,brak danych,brak danych,brak danych,brak danych,brak danych,brak danych,brak danych,brak danych,brak danych,brak danych,brak danych,brak danych,brak danych,brak danych,brak danych,brak danych,brak danych,brak danych,brak danych,brak danych,brak danych,brak danych,brak danych,350 l,brak danych,brak danych,brak danych,brak danych,brak danych,brak danych,brak danych,brak danych,brak danych,brak danych,brak danych,brak danych,brak danych,brak danych,brak danych,brak danych,brak danych,od 2016 do 2018 roku,1742 cm³,benzynowy,240 KM (177 kW) przy 5750 obr/min,340 Nm przy 2000 obr/min,intercooler,DOHC,4,rzędowy,16,"",brak danych,brak danych,bezpośredni,"z przodu, poprzecznie",brak danych,brak danych,brak danych,205/55 R16,225/45 R17,brak danych,brak danych,brak danych,tarczowe wentylowane,tarczowe,330 mm,270 mm,brak danych,brak danych,brak danych,brak danych,"McPherson unowocześniony z aluminiowymi zwrotnicami, stabilizator zamontowany na pionowych łącznikach",Multilink ze zredukowaną poprzeczną belką nośną z aluminium,brak danych,automatyczna,"",na przednią oś,TCT,hydrokinetyczne,244 km/h,6.6 s,brak danych,brak danych,6.8 l/100km,brak danych,brak danych,60 l,882 km,"","",157 g/km,Euro 6,1320 kg,brak danych,1300 kg,brak danych,brak danych,brak danych,brak danych,brak danych,brak danych,6
Alfa Romeo Giulietta Nuova II Hatchback 5d Facelifting 2016 1.6 JTDM-2 120KM 88kW 2016-2020,alfa romeo,giulietta nuova,https://www.autocentrum.pl/dane-techniczne/alfa-romeo/giulietta-nuova/ii/hatchback-5d-facelifting-2016/silnik-diesla-1.6-jtdm-2-120km-2016-2020/,5,5,10.9 m,5.5 m,4351 mm,1798 mm,1465 mm,2634 mm,1554 mm,1554 mm,955 mm,762 mm,113 mm,brak danych,brak danych,brak danych,brak danych,brak danych,brak danych,brak danych,brak danych,brak danych,brak danych,brak danych,brak danych,brak danych,brak danych,brak danych,brak danych,brak danych,brak danych,brak danych,brak danych,brak danych,brak danych,brak danych,brak danych,brak danych,brak danych,brak danych,brak danych,brak danych,brak danych,brak danych,brak danych,brak danych,brak danych,350 l,brak danych,brak danych,brak danych,brak danych,brak danych,brak danych,brak danych,brak danych,brak danych,brak danych,brak danych,brak danych,brak danych,brak danych,brak danych,brak danych,brak danych,od 2016 do 2020 roku,1598 cm³,diesel,120 KM (88 kW) przy 3750 obr/min,320 Nm przy 1750 obr/min,turbosprężarkowe,DOHC,4,rzędowy,16,"",brak danych,brak danych,bezpośredni Common Rail,"z przodu, poprzecznie",brak danych,brak danych,dwuzębatkowy,brak danych,brak danych,brak danych,brak danych,brak danych,tarczowe wentylowane,tarczowe,281 mm,264 mm,brak danych,brak danych,brak danych,brak danych,McPherson unowocześniony z aluminiowymi zwrotnicami; stabilizator zamontowany na pionowych łącznikach,Multilink ze zredukowaną poprzeczną belką nośną z aluminium,brak danych,automatyczna,6,na przednią oś,TCT,brak danych,195 km/h,10.0 s,brak danych,brak danych,4.0 l/100km,4.0 l/100km,5.0 l/100km,60 l,1500 km,1500 km,1200 km,122 g/km,Euro 6,1400 kg,brak danych,brak danych,brak danych,brak danych,brak danych,brak danych,dostępny,brak danych,6
Alfa Romeo Giulietta Nuova II Hatchback 5d Facelifting 2016 2.0 JTDM 170KM 125kW 2019-2020,alfa romeo,giulietta nuova,https://www.autocentrum.pl/dane-techniczne/alfa-romeo/giulietta-nuova/ii/hatchback-5d-facelifting-2016/silnik-diesla-2.0-jtdm-170km-2019-2020/,5,5,10.9 m,5.5 m,4351 mm,1798 mm,1465 mm,2634 mm,1554 mm,1554 mm,955 mm,762 mm,113 mm,brak danych,brak danych,brak danych,brak danych,brak danych,brak danych,brak danych,brak danych,brak danych,brak danych,brak danych,brak danych,brak danych,brak danych,brak danych,brak danych,brak danych,brak danych,brak danych,brak danych,brak danych,brak danych,brak danych,brak danych,brak danych,brak danych,brak danych,brak danych,brak danych,brak danych,brak danych,brak danych,brak danych,brak danych,350 l,brak danych,brak danych,brak danych,brak danych,brak danych,brak danych,brak danych,brak danych,brak danych,brak danych,brak danych,brak danych,brak danych,brak danych,brak danych,brak danych,brak danych,od 2019 do 2020 roku,1956 cm³,diesel,170 KM (125 kW) przy 3750 obr/min,350 Nm przy 1750 obr/min,turbosprężarkowe,DOHC,4,rzędowy,16,16.5 : 1,83 × 90.4 mm,samoczynny,bezpośredni Common Rail,"z przodu, poprzecznie",brak danych,brak danych,przekładnia zębatkowa ze wspomaganiem elektrycznym,225/40 R18,brak danych,"7,50Jx18",brak danych,brak danych,tarczowe wentylowane,tarczowe,brak danych,brak danych,brak danych,brak danych,brak danych,brak danych,"niezależne typu McPherson, sprężyny śrubowe",system o architekturze Multilink,gazowe,automatyczna,"",na przednią oś,TCT,hydrokinetyczne,214 km/h,8.3 s,brak danych,brak danych,5.1 l/100km,4.4 l/100km,6.3 l/100km,60 l,1176 km,1364 km,952 km,134 g/km,Euro 6d,1410 kg,1920 kg,600 kg,500 kg,60 kg,brak danych,brak danych,dostępny,brak danych,6
Alfa Romeo Giulietta Nuova II Hatchback 5d Facelifting 2016 2.0 JTDM-2 150KM 110kW 2016-2018,alfa romeo,giulietta nuova,https://www.autocentrum.pl/dane-techniczne/alfa-romeo/giulietta-nuova/ii/hatchback-5d-facelifting-2016/silnik-diesla-2.0-jtdm-2-150km-2016-2018/,5,5,10.9 m,5.5 m,4351 mm,1798 mm,1465 mm,2634 mm,1554 mm,1554 mm,955 mm,762 mm,113 mm,brak danych,brak danych,brak danych,brak danych,brak danych,brak danych,brak danych,brak danych,brak danych,brak danych,brak danych,brak danych,brak danych,brak danych,brak danych,brak danych,brak danych,brak danych,brak danych,brak danych,brak danych,brak danych,brak danych,brak danych,brak danych,brak danych,brak danych,brak danych,brak danych,brak danych,brak danych,brak danych,brak danych,brak danych,350 l,brak danych,brak danych,brak danych,brak danych,brak danych,brak danych,brak danych,brak danych,brak danych,brak danych,brak danych,brak danych,brak danych,brak danych,brak danych,brak danych,brak danych,od 2016 do 2018 roku,1956 cm³,diesel,150 KM (110 kW) przy 4500 obr/min,380 Nm przy 1750 obr/min,turbosprężarkowe,DOHC,4,rzędowy,16,"",brak danych,brak danych,bezpośredni Common Rail,"z przodu, poprzecznie",brak danych,brak danych,brak danych,brak danych,brak danych,brak danych,brak danych,brak danych,tarczowe wentylowane,tarczowe,305 mm,264 mm,brak danych,brak danych,brak danych,brak danych,McPherson unowocześniony z aluminiowymi zwrotnicami; stabilizator zamontowany na pionowych łącznikach,Multilink ze zredukowaną poprzeczną belką nośną z aluminium,brak danych,manualna,6,na przednią oś,brak danych,brak danych,210 km/h,8.8 s,brak danych,brak danych,4.2 l/100km,brak danych,brak danych,60 l,1429 km,"","",brak danych,brak danych,1320 kg,brak danych,brak danych,brak danych,brak danych,brak danych,brak danych,brak danych,brak danych,""
Alfa Romeo Giulietta Nuova II Hatchback 5d Facelifting 2016 2.0 JTDM-2 16v 175KM 129kW 2016-2018,alfa romeo,giulietta nuova,https://www.autocentrum.pl/dane-techniczne/alfa-romeo/giulietta-nuova/ii/hatchback-5d-facelifting-2016/silnik-diesla-2.0-jtdm-2-16v-175km-2016-2018/,5,5,10.9 m,5.5 m,4351 mm,1798 mm,1465 mm,2634 mm,1554 mm,1554 mm,955 mm,762 mm,113 mm,brak danych,brak danych,brak danych,brak danych,brak danych,brak danych,brak danych,brak danych,brak danych,brak danych,brak danych,brak danych,brak danych,brak danych,brak danych,brak danych,brak danych,brak danych,brak danych,brak danych,brak danych,brak danych,brak danych,brak danych,brak danych,brak danych,brak danych,brak danych,brak danych,brak danych,brak danych,brak danych,brak danych,brak danych,350 l,brak danych,brak danych,brak danych,brak danych,brak danych,brak danych,brak danych,brak danych,brak danych,brak danych,brak danych,brak danych,brak danych,brak danych,brak danych,brak danych,brak danych,od 2016 do 2018 roku,1956 cm³,diesel,175 KM (129 kW) przy 3750 obr/min,350 Nm przy 1750 obr/min,turbodoładowanie o zmiennej geometrii (Variable Geometry Turbo),DOHC,4,rzędowy,16,"",brak danych,brak danych,bezpośredni Common Rail,"z przodu, poprzecznie",brak danych,brak danych,brak danych,brak danych,brak danych,brak danych,brak danych,brak danych,tarczowe wentylowane,tarczowe,brak danych,brak danych,brak danych,brak danych,brak danych,brak danych,brak danych,brak danych,brak danych,automatyczna,"",na przednią oś,brak danych,brak danych,219 km/h,7.8 s,brak danych,brak danych,4.3 l/100km,brak danych,brak danych,60 l,1395 km,"","",brak danych,brak danych,1335 kg,brak danych,brak danych,brak danych,brak danych,brak danych,brak danych,brak danych,brak danych,6
Alfa Romeo Giulietta Nuova II Hatchback 5d Facelifting 1.4 TB 16V 105KM 77kW od 2013,alfa romeo,giulietta nuova,https://www.autocentrum.pl/dane-techniczne/alfa-romeo/giulietta-nuova/ii/hatchback-5d-facelifting/silnik-benzynowy-1.4-tb-16v-105km-2013-2016/,5,5,brak danych,brak danych,4351 mm,1798 mm,1465 mm,2634 mm,1554 mm,1554 mm,955 mm,762 mm,brak danych,brak danych,brak danych,brak danych,brak danych,brak danych,brak danych,brak danych,brak danych,brak danych,brak danych,brak danych,brak danych,brak danych,brak danych,brak danych,brak danych,brak danych,brak danych,brak danych,brak danych,brak danych,brak danych,brak danych,brak danych,brak danych,brak danych,brak danych,brak danych,brak danych,brak danych,brak danych,brak danych,brak danych,brak danych,350 l,brak danych,brak danych,brak danych,brak danych,brak danych,brak danych,brak danych,brak danych,brak danych,brak danych,brak danych,brak danych,brak danych,brak danych,brak danych,brak danych,brak danych,od 2013 do 2016 roku,1368 cm³,benzynowy,105 KM (77 kW) przy 5000 obr/min,206 Nm przy 1750 obr/min,turbosprężarkowe,DOHC,4,rzędowy,16,"",brak danych,brak danych,wielopunktowy (MPFI),brak danych,brak danych,brak danych,brak danych,205/55 R16,brak danych,brak danych,brak danych,brak danych,tarczowe wentylowane,tarczowe,281 mm,264 mm,brak danych,brak danych,brak danych,brak danych,"McPherson unowocześniony z aluminiowymi zwrotnicami, stabilizator zamontowany na pionowych łącznikach",Multilink ze zredukowaną poprzeczną belką nośną z aluminium,brak danych,manualna,6,na przednią oś,brak danych,brak danych,185 km/h,10.6 s,brak danych,brak danych,6.4 l/100km,5.3 l/100km,8.4 l/100km,60 l,937 km,1132 km,714 km,149 g/km,Euro 6,1280 kg,1785 kg,brak danych,brak danych,brak danych,63 Ah,brak danych,Start&Stop,brak danych,""
Alfa Romeo Giulietta Nuova II Hatchback 5d Facelifting 1.4 TB 16v 120KM 88kW od 2013,alfa romeo,giulietta nuova,https://www.autocentrum.pl/dane-techniczne/alfa-romeo/giulietta-nuova/ii/hatchback-5d-facelifting/silnik-benzynowy-1.4-tb-16v-120km-2013-2016/,5,5,brak danych,brak danych,4351 mm,1798 mm,1465 mm,2634 mm,1554 mm,1554 mm,955 mm,762 mm,brak danych,brak danych,brak danych,brak danych,brak danych,brak danych,brak danych,brak danych,brak danych,brak danych,brak danych,brak danych,brak danych,brak danych,brak danych,brak danych,brak danych,brak danych,brak danych,brak danych,brak danych,brak danych,brak danych,brak danych,brak danych,brak danych,brak danych,brak danych,brak danych,brak danych,brak danych,brak danych,brak danych,brak danych,brak danych,350 l,brak danych,brak danych,brak danych,brak danych,brak danych,brak danych,brak danych,brak danych,brak danych,brak danych,brak danych,brak danych,brak danych,brak danych,brak danych,brak danych,brak danych,od 2013 do 2016 roku,1368 cm³,benzynowy,120 KM (88 kW) przy 5000 obr/min,215 Nm przy 2500 obr/min,intercooler,DOHC,4,rzędowy,16,"",brak danych,brak danych,wielopunktowy (MPFI),"z przodu, poprzecznie",brak danych,Rozrząd: Pasek zębaty z hydraulicznymi popychaczami System Start&Stop: Standard,dwuzębatkowy,205/55 R16,brak danych,brak danych,brak danych,brak danych,tarczowe wentylowane,tarczowe,281 mm,264 mm,brak danych,brak danych,brak danych,brak danych,"McPherson unowocześniony z aluminiowymi zwrotnicami, stabilizator zamontowany na pionowych łącznikach",Multilink ze zredukowaną poprzeczną belką nośną z aluminium,brak danych,manualna,6,na przednią oś,brak danych,brak danych,195 km/h,9.4 s,brak danych,brak danych,6.4 l/100km,5.3 l/100km,8.3 l/100km,60 l,937 km,1132 km,723 km,148 g/km,Euro 6,1280 kg,1785 kg,brak danych,brak danych,brak danych,63 Ah,brak danych,brak danych,brak danych,""
Alfa Romeo Giulietta Nuova II Hatchback 5d Facelifting 1.4 TB 16v Mair 150KM 110kW od 2014,alfa romeo,giulietta nuova,https://www.autocentrum.pl/dane-techniczne/alfa-romeo/giulietta-nuova/ii/hatchback-5d-facelifting/silnik-benzynowy-1.4-tb-16v-mair-150km-2014-2016/,5,5,brak danych,brak danych,4351 mm,1798 mm,1465 mm,2634 mm,1554 mm,1554 mm,955 mm,762 mm,brak danych,brak danych,brak danych,brak danych,brak danych,brak danych,brak danych,brak danych,brak danych,brak danych,brak danych,brak danych,brak danych,brak danych,brak danych,brak danych,brak danych,brak danych,brak danych,brak danych,brak danych,brak danych,brak danych,brak danych,brak danych,brak danych,brak danych,brak danych,brak danych,brak danych,brak danych,brak danych,brak danych,brak danych,brak danych,350 l,brak danych,brak danych,brak danych,brak danych,brak danych,brak danych,brak danych,brak danych,brak danych,brak danych,brak danych,brak danych,brak danych,brak danych,brak danych,brak danych,brak danych,od 2014 do 2016 roku,1368 cm³,benzynowy,150 KM (110 kW) przy 5500 obr/min,250 Nm przy 2500 obr/min,intercooler,DOHC,4,rzędowy,16,"",brak danych,brak danych,wielopunktowy (MPFI),"z przodu, poprzecznie",brak danych,brak danych,zębatkowy z elektrycznym wspomaganiem kierownicy Dualdrive,205/55 R16,brak danych,brak danych,brak danych,brak danych,tarczowe wentylowane,tarczowe,305 mm,264 mm,brak danych,brak danych,brak danych,brak danych,kolumny McPhersona,system o architekturze Multilink,brak danych,manualna,6,na przednią oś,brak danych,brak danych,210 km/h,8.2 s,brak danych,brak danych,5.7 l/100km,4.6 l/100km,7.6 l/100km,60 l,1053 km,1304 km,789 km,131 g/km,Euro 6,1290 kg,brak danych,brak danych,brak danych,brak danych,63 Ah,63 Ah,Start&Stop,brak danych,""
Alfa Romeo Giulietta Nuova II Hatchback 5d Facelifting 1.4 TB 16v Mair 170KM 125kW od 2013,alfa romeo,giulietta nuova,https://www.autocentrum.pl/dane-techniczne/alfa-romeo/giulietta-nuova/ii/hatchback-5d-facelifting/silnik-benzynowy-1.4-tb-16v-mair-170km-2013-2016/,5,5,brak danych,brak danych,4351 mm,1798 mm,1465 mm,2634 mm,1554 mm,1554 mm,955 mm,762 mm,brak danych,brak danych,brak danych,brak danych,brak danych,brak danych,brak danych,brak danych,brak danych,brak danych,brak danych,brak danych,brak danych,brak danych,brak danych,brak danych,brak danych,brak danych,brak danych,brak danych,brak danych,brak danych,brak danych,brak danych,brak danych,brak danych,brak danych,brak danych,brak danych,brak danych,brak danych,brak danych,brak danych,brak danych,brak danych,350 l,brak danych,brak danych,brak danych,brak danych,brak danych,brak danych,brak danych,brak danych,brak danych,brak danych,brak danych,brak danych,brak danych,brak danych,brak danych,brak danych,brak danych,od 2013 do 2016 roku,1368 cm³,benzynowy,170 KM (125 kW) przy 5500 obr/min,230 Nm przy 2250 obr/min,intercooler,DOHC,4,rzędowy,16,"",brak danych,brak danych,wielopunktowy (MPFI),"z przodu, poprzecznie",brak danych,Rozrząd: Pasek zębaty z hydraulicznymi popychaczami i systemem MultiAir System Start&Stop Standard,dwuzębatkowy,205/55 R16,brak danych,brak danych,brak danych,brak danych,tarczowe wentylowane,tarczowe,305 mm,264 mm,brak danych,brak danych,brak danych,brak danych,"McPherson unowocześniony z aluminiowymi zwrotnicami, stabilizator zamontowany na pionowych łącznikach",Multilink ze zredukowaną poprzeczną belką nośną z aluminium,brak danych,automatyczna,6,na przednią oś,TCT,brak danych,218 km/h,7.7 s,brak danych,brak danych,5.1 l/100km,4.3 l/100km,6.6 l/100km,60 l,1176 km,1395 km,909 km,119 g/km,Euro 6,1305 kg,1810 kg,brak danych,brak danych,brak danych,63 Ah,brak danych,brak danych,brak danych,6
Alfa Romeo Giulietta Nuova II Hatchback 5d Facelifting 1750 TBi 16v 235KM 173kW od 2013,alfa romeo,giulietta nuova,https://www.autocentrum.pl/dane-techniczne/alfa-romeo/giulietta-nuova/ii/hatchback-5d-facelifting/silnik-benzynowy-1750-tbi-16v-235km-2013-2016/,5,5,brak danych,brak danych,4351 mm,1798 mm,1465 mm,2634 mm,1554 mm,1554 mm,955 mm,762 mm,brak danych,brak danych,brak danych,brak danych,brak danych,brak danych,brak danych,brak danych,brak danych,brak danych,brak danych,brak danych,brak danych,brak danych,brak danych,brak danych,brak danych,brak danych,brak danych,brak danych,brak danych,brak danych,brak danych,brak danych,brak danych,brak danych,brak danych,brak danych,brak danych,brak danych,brak danych,brak danych,brak danych,brak danych,brak danych,350 l,brak danych,brak danych,brak danych,brak danych,brak danych,brak danych,brak danych,brak danych,brak danych,brak danych,brak danych,brak danych,brak danych,brak danych,brak danych,brak danych,brak danych,od 2013 do 2016 roku,1742 cm³,benzynowy,235 KM (173 kW) przy 5500 obr/min,300 Nm przy 4500 obr/min,intercooler,DOHC,4,rzędowy,16,"",brak danych,brak danych,bezpośredni,"z przodu, poprzecznie",brak danych,Rozrząd: Dwa wariatory faz i pasek zębaty z hydraulicznymi popychaczami System Start&Stop Standard System przepłukiwania cylindrów,dwuzębatkowy,225/45 R17,brak danych,brak danych,brak danych,brak danych,tarczowe wentylowane,tarczowe,330 mm,278 mm,brak danych,brak danych,brak danych,brak danych,"McPherson unowocześniony z aluminiowymi zwrotnicami, stabilizator zamontowany na pionowych łącznikach",Multilink ze zredukowaną poprzeczną belką nośną z aluminium,brak danych,automatyczna,"",na przednią oś,TCT,brak danych,242 km/h,6.8 s,brak danych,brak danych,7.6 l/100km,5.8 l/100km,10.8 l/100km,60 l,789 km,1034 km,556 km,177 g/km,Euro 5,1395 kg,1825 kg,brak danych,brak danych,brak danych,60 Ah,brak danych,brak danych,brak danych,6
Alfa Romeo Giulietta Nuova II Hatchback 5d Facelifting 1750 TBi 240KM 177kW od 2014,alfa romeo,giulietta nuova,https://www.autocentrum.pl/dane-techniczne/alfa-romeo/giulietta-nuova/ii/hatchback-5d-facelifting/silnik-benzynowy-1750-tbi-240km-2014-2016/,5,5,brak danych,brak danych,4351 mm,1798 mm,1465 mm,2634 mm,1554 mm,1554 mm,955 mm,762 mm,brak danych,brak danych,brak danych,brak danych,brak danych,brak danych,brak danych,brak danych,brak danych,brak danych,brak danych,brak danych,brak danych,brak danych,brak danych,brak danych,brak danych,brak danych,brak danych,brak danych,brak danych,brak danych,brak danych,brak danych,brak danych,brak danych,brak danych,brak danych,brak danych,brak danych,brak danych,brak danych,brak danych,brak danych,brak danych,350 l,brak danych,brak danych,brak danych,brak danych,brak danych,brak danych,brak danych,brak danych,brak danych,brak danych,brak danych,brak danych,brak danych,brak danych,brak danych,brak danych,brak danych,od 2014 do 2016 roku,1742 cm³,benzynowy,240 KM (177 kW) przy 5750 obr/min,340 Nm przy 2000 obr/min,intercooler,DOHC,4,rzędowy,16,"",brak danych,brak danych,bezpośredni,"z przodu, poprzecznie",brak danych,brak danych,brak danych,225/45 R17,brak danych,brak danych,brak danych,brak danych,tarczowe wentylowane,tarczowe,brak danych,brak danych,brak danych,brak danych,brak danych,brak danych,"McPherson unowocześniony z aluminiowymi zwrotnicami, stabilizator zamontowany na pionowych łącznikach",Multilink ze zredukowaną poprzeczną belką nośną z aluminium,brak danych,automatyczna,"",na przednią oś,TCT,brak danych,244 km/h,6.2 s,brak danych,brak danych,7.3 l/100km,5.6 l/100km,10.2 l/100km,60 l,822 km,1071 km,588 km,162 g/km,Euro 6,1320 kg,1815 kg,1300 kg,500 kg,brak danych,brak danych,brak danych,brak danych,940B2000,6
Alfa Romeo Giulietta Nuova II Hatchback 5d Facelifting 1.6 JTD 16v 105KM 77kW 2013-2015,alfa romeo,giulietta nuova,https://www.autocentrum.pl/dane-techniczne/alfa-romeo/giulietta-nuova/ii/hatchback-5d-facelifting/silnik-diesla-1.6-jtd-16v-105km-2013-2015/,5,5,brak danych,brak danych,4351 mm,1798 mm,1465 mm,2634 mm,1554 mm,1554 mm,955 mm,762 mm,brak danych,brak danych,brak danych,brak danych,brak danych,brak danych,brak danych,brak danych,brak danych,brak danych,brak danych,brak danych,brak danych,brak danych,brak danych,brak danych,brak danych,brak danych,brak danych,brak danych,brak danych,brak danych,brak danych,brak danych,brak danych,brak danych,brak danych,brak danych,brak danych,brak danych,brak danych,brak danych,brak danych,brak danych,brak danych,350 l,brak danych,brak danych,brak danych,brak danych,brak danych,brak danych,brak danych,brak danych,brak danych,brak danych,brak danych,brak danych,brak danych,brak danych,brak danych,brak danych,brak danych,od 2013 do 2015 roku,1598 cm³,diesel,105 KM (77 kW) przy 4000 obr/min,280 Nm przy 1500 obr/min,turbosprężarka ze zmienną geometrią i z intercoolerem,DOHC,4,rzędowy,16,"",brak danych,brak danych,bezpośredni Common Rail,"z przodu, poprzecznie",brak danych,Multijet 2: bezpośredni wtrysk paliwa 1600 bar Rozrząd: Pasek zębaty z hydraulicznymi popychaczami System Start&Stop Standard,dwuzębatkowy,205/55 R16,brak danych,brak danych,brak danych,brak danych,tarczowe wentylowane,tarczowe,281 mm,264 mm,brak danych,brak danych,brak danych,brak danych,"McPherson unowocześniony z aluminiowymi zwrotnicami, stabilizator zamontowany na pionowych łącznikach",Multilink ze zredukowaną poprzeczną belką nośną z aluminium,brak danych,manualna,6,na przednią oś,brak danych,brak danych,185 km/h,11.3 s,brak danych,brak danych,4.0 l/100km,3.4 l/100km,5.0 l/100km,60 l,1500 km,1765 km,1200 km,104 g/km,Euro 5,1310 kg,1815 kg,brak danych,brak danych,brak danych,72 Ah,brak danych,brak danych,brak danych,""
Alfa Romeo Giulietta Nuova II Hatchback 5d Facelifting 1.6 JTDM-2 120KM 88kW od 2015,alfa romeo,giulietta nuova,https://www.autocentrum.pl/dane-techniczne/alfa-romeo/giulietta-nuova/ii/hatchback-5d-facelifting/silnik-diesla-1.6-jtdm-2-120km-2015-2016/,5,5,brak danych,brak danych,4351 mm,1798 mm,1465 mm,2634 mm,1554 mm,1554 mm,955 mm,762 mm,brak danych,brak danych,brak danych,brak danych,brak danych,brak danych,brak danych,brak danych,brak danych,brak danych,brak danych,brak danych,brak danych,brak danych,brak danych,brak danych,brak danych,brak danych,brak danych,brak danych,brak danych,brak danych,brak danych,brak danych,brak danych,brak danych,brak danych,brak danych,brak danych,brak danych,brak danych,brak danych,brak danych,brak danych,brak danych,350 l,brak danych,brak danych,brak danych,brak danych,brak danych,brak danych,brak danych,brak danych,brak danych,brak danych,brak danych,brak danych,brak danych,brak danych,brak danych,brak danych,brak danych,od 2015 do 2016 roku,1598 cm³,diesel,120 KM (88 kW) przy 3750 obr/min,320 Nm przy 1750 obr/min,turbosprężarkowe,DOHC,4,rzędowy,16,"",brak danych,brak danych,bezpośredni Common Rail,"z przodu, poprzecznie",brak danych,brak danych,brak danych,205/55 R16,brak danych,brak danych,brak danych,brak danych,tarczowe wentylowane,tarczowe,281 mm,264 mm,brak danych,brak danych,brak danych,brak danych,McPherson unowocześniony z aluminiowymi zwrotnicami; stabilizator zamontowany na pionowych łącznikach,Multilink ze zredukowaną poprzeczną belką nośną z aluminium,brak danych,manualna,6,na przednią oś,brak danych,brak danych,195 km/h,10.0 s,brak danych,brak danych,3.9 l/100km,3.3 l/100km,4.9 l/100km,60 l,1538 km,1818 km,1224 km,103 g/km,Euro 6,1310 kg,1815 kg,1300 kg,500 kg,brak danych,72 Ah,brak danych,Start&Stop,brak danych,""
Alfa Romeo Giulietta Nuova II Hatchback 5d Facelifting 2.0 JTD 16v 150KM 110kW 2013-2015,alfa romeo,giulietta nuova,https://www.autocentrum.pl/dane-techniczne/alfa-romeo/giulietta-nuova/ii/hatchback-5d-facelifting/silnik-diesla-2.0-jtd-16v-150km-2013-2015/,5,5,brak danych,brak danych,4351 mm,1798 mm,1465 mm,2634 mm,1554 mm,1554 mm,955 mm,762 mm,brak danych,brak danych,brak danych,brak danych,brak danych,brak danych,brak danych,brak danych,brak danych,brak danych,brak danych,brak danych,brak danych,brak danych,brak danych,brak danych,brak danych,brak danych,brak danych,brak danych,brak danych,brak danych,brak danych,brak danych,brak danych,brak danych,brak danych,brak danych,brak danych,brak danych,brak danych,brak danych,brak danych,brak danych,brak danych,350 l,brak danych,brak danych,brak danych,brak danych,brak danych,brak danych,brak danych,brak danych,brak danych,brak danych,brak danych,brak danych,brak danych,brak danych,brak danych,brak danych,brak danych,od 2013 do 2015 roku,1956 cm³,diesel,150 KM (110 kW) przy 3750 obr/min,320 Nm przy 1500 obr/min,turbosprężarka ze zmienną geometrią i z intercoolerem,DOHC,4,rzędowy,16,"",brak danych,brak danych,bezpośredni Common Rail,"z przodu, poprzecznie",brak danych,brak danych,brak danych,205/55 R16,brak danych,brak danych,brak danych,brak danych,tarczowe wentylowane,tarczowe,305 mm,264 mm,brak danych,brak danych,brak danych,brak danych,"McPherson unowocześniony z aluminiowymi zwrotnicami, stabilizator zamontowany na pionowych łącznikach",Multilink ze zredukowaną poprzeczną belką nośną z aluminium,brak danych,manualna,6,na przednią oś,brak danych,brak danych,210 km/h,8.8 s,brak danych,brak danych,4.2 l/100km,3.7 l/100km,5.0 l/100km,60 l,1429 km,1622 km,1200 km,110 g/km,Euro 5,1320 kg,1825 kg,brak danych,brak danych,brak danych,72 Ah,brak danych,Start&Stop,brak danych,""
Alfa Romeo Giulietta Nuova II Hatchback 5d Facelifting 2.0 JTD 16v 170KM 125kW od 2013,alfa romeo,giulietta nuova,https://www.autocentrum.pl/dane-techniczne/alfa-romeo/giulietta-nuova/ii/hatchback-5d-facelifting/silnik-diesla-2.0-jtd-16v-170km-2013-2016/,5,5,brak danych,brak danych,4351 mm,1798 mm,1465 mm,2634 mm,1554 mm,1554 mm,955 mm,762 mm,brak danych,brak danych,brak danych,brak danych,brak danych,brak danych,brak danych,brak danych,brak danych,brak danych,brak danych,brak danych,brak danych,brak danych,brak danych,brak danych,brak danych,brak danych,brak danych,brak danych,brak danych,brak danych,brak danych,brak danych,brak danych,brak danych,brak danych,brak danych,brak danych,brak danych,brak danych,brak danych,brak danych,brak danych,brak danych,350 l,brak danych,brak danych,brak danych,brak danych,brak danych,brak danych,brak danych,brak danych,brak danych,brak danych,brak danych,brak danych,brak danych,brak danych,brak danych,brak danych,brak danych,od 2013 do 2016 roku,1956 cm³,diesel,170 KM (125 kW) przy 4000 obr/min,320 Nm przy 1500 obr/min,turbosprężarka ze zmienną geometrią i z intercoolerem,DOHC,4,rzędowy,16,"",brak danych,brak danych,bezpośredni Common Rail,"z przodu, poprzecznie",brak danych,Multijet 2: bezpośredni wtrysk paliwa 1600 bar Rozrząd: Pasek zębaty z hydraulicznymi popychaczami System Start&Stop Standard,dwuzębatkowy,205/55 R16,brak danych,brak danych,brak danych,brak danych,tarczowe wentylowane,tarczowe,305 mm,264 mm,brak danych,brak danych,brak danych,brak danych,"McPherson unowocześniony z aluminiowymi zwrotnicami, stabilizator zamontowany na pionowych łącznikach",Multilink ze zredukowaną poprzeczną belką nośną z aluminium,brak danych,automatyczna,6,na przednią oś,TCT,brak danych,220 km/h,7.8 s,brak danych,brak danych,4.4 l/100km,3.9 l/100km,5.2 l/100km,60 l,1364 km,1538 km,1154 km,116 g/km,Euro 5,1340 kg,1840 kg,brak danych,brak danych,brak danych,72 Ah,brak danych,brak danych,brak danych,6
Alfa Romeo Giulietta Nuova II Hatchback 5d Facelifting 2.0 JTD 16v 175KM 129kW od 2014,alfa romeo,giulietta nuova,https://www.autocentrum.pl/dane-techniczne/alfa-romeo/giulietta-nuova/ii/hatchback-5d-facelifting/silnik-diesla-2.0-jtd-16v-175km-2014-2016/,5,5,brak danych,brak danych,4351 mm,1798 mm,1465 mm,2634 mm,1554 mm,1554 mm,955 mm,762 mm,brak danych,brak danych,brak danych,brak danych,brak danych,brak danych,brak danych,brak danych,brak danych,brak danych,brak danych,brak danych,brak danych,brak danych,brak danych,brak danych,brak danych,brak danych,brak danych,brak danych,brak danych,brak danych,brak danych,brak danych,brak danych,brak danych,brak danych,brak danych,brak danych,brak danych,brak danych,brak danych,brak danych,brak danych,brak danych,350 l,brak danych,brak danych,brak danych,brak danych,brak danych,brak danych,brak danych,brak danych,brak danych,brak danych,brak danych,brak danych,brak danych,brak danych,brak danych,brak danych,brak danych,od 2014 do 2016 roku,1956 cm³,diesel,175 KM (129 kW) przy 3750 obr/min,350 Nm przy 1750 obr/min,turbodoładowanie o zmiennej geometrii (Variable Geometry Turbo),DOHC,4,rzędowy,16,"",brak danych,brak danych,bezpośredni Common Rail,"z przodu, poprzecznie",brak danych,brak danych,brak danych,205/55 R16,brak danych,brak danych,brak danych,brak danych,tarczowe wentylowane,tarczowe,brak danych,brak danych,brak danych,brak danych,brak danych,brak danych,brak danych,brak danych,brak danych,automatyczna,"",na przednią oś,brak danych,brak danych,220 km/h,7.8 s,brak danych,brak danych,4.4 l/100km,3.9 l/100km,5.2 l/100km,60 l,1364 km,1538 km,1154 km,116 g/km,Euro 6,1335 kg,1840 kg,600 kg,500 kg,brak danych,brak danych,brak danych,Start&Stop,brak danych,6
Alfa Romeo Giulietta Nuova II Hatchback 5d Facelifting 2.0 JTDM-2 150KM 110kW od 2015,alfa romeo,giulietta nuova,https://www.autocentrum.pl/dane-techniczne/alfa-romeo/giulietta-nuova/ii/hatchback-5d-facelifting/silnik-diesla-2.0-jtdm-2-150km-2015-2016/,5,5,brak danych,brak danych,4351 mm,1798 mm,1465 mm,2634 mm,1554 mm,1554 mm,955 mm,762 mm,brak danych,brak danych,brak danych,brak danych,brak danych,brak danych,brak danych,brak danych,brak danych,brak danych,brak danych,brak danych,brak danych,brak danych,brak danych,brak danych,brak danych,brak danych,brak danych,brak danych,brak danych,brak danych,brak danych,brak danych,brak danych,brak danych,brak danych,brak danych,brak danych,brak danych,brak danych,brak danych,brak danych,brak danych,brak danych,350 l,brak danych,brak danych,brak danych,brak danych,brak danych,brak danych,brak danych,brak danych,brak danych,brak danych,brak danych,brak danych,brak danych,brak danych,brak danych,brak danych,brak danych,od 2015 do 2016 roku,1956 cm³,diesel,150 KM (110 kW) przy 4500 obr/min,380 Nm przy 1750 obr/min,turbosprężarkowe,DOHC,4,rzędowy,16,"",brak danych,brak danych,bezpośredni Common Rail,"z przodu, poprzecznie",brak danych,brak danych,brak danych,205/55 R16,brak danych,brak danych,brak danych,brak danych,tarczowe wentylowane,tarczowe,305 mm,264 mm,brak danych,brak danych,brak danych,brak danych,McPherson unowocześniony z aluminiowymi zwrotnicami; stabilizator zamontowany na pionowych łącznikach,Multilink ze zredukowaną poprzeczną belką nośną z aluminium,brak danych,manualna,6,na przednią oś,brak danych,brak danych,210 km/h,8.8 s,brak danych,brak danych,4.2 l/100km,3.7 l/100km,5.0 l/100km,60 l,1429 km,1622 km,1200 km,110 g/km,Euro 6,1320 kg,1825 kg,1300 kg,500 kg,brak danych,72 Ah,brak danych,Start&Stop,brak danych,""
Alfa Romeo Giulietta Nuova II Hatchback 5d 1.4 TB 16V 105KM 77kW 2012-2013,alfa romeo,giulietta nuova,https://www.autocentrum.pl/dane-techniczne/alfa-romeo/giulietta-nuova/ii/hatchback-5d/silnik-benzynowy-1.4-tb-16v-105km-2012-2013/,5,5,11.0 m,brak danych,4351 mm,1798 mm,1465 mm,2634 mm,1554 mm,1554 mm,955 mm,762 mm,120 mm,brak danych,2042 mm,brak danych,brak danych,brak danych,brak danych,brak danych,brak danych,brak danych,brak danych,brak danych,brak danych,brak danych,brak danych,brak danych,brak danych,brak danych,brak danych,brak danych,brak danych,brak danych,brak danych,brak danych,brak danych,brak danych,brak danych,brak danych,brak danych,brak danych,brak danych,brak danych,brak danych,brak danych,brak danych,350 l,brak danych,brak danych,brak danych,brak danych,brak danych,brak danych,brak danych,brak danych,brak danych,brak danych,brak danych,brak danych,brak danych,brak danych,brak danych,brak danych,brak danych,od 2012 do 2013 roku,1368 cm³,benzynowy,105 KM (77 kW) przy 5000 obr/min,206 Nm przy 1750 obr/min,turbosprężarkowe,DOHC,4,rzędowy,16,"",brak danych,brak danych,wielopunktowy (MPFI),brak danych,brak danych,brak danych,brak danych,205/55 R16,brak danych,brak danych,brak danych,brak danych,tarczowe wentylowane,tarczowe,281 mm,264 mm,brak danych,brak danych,brak danych,brak danych,"McPherson unowocześniony z aluminiowymi zwrotnicami, stabilizator zamontowany na pionowych łącznikach",Multilink ze zredukowaną poprzeczną belką nośną z aluminium,brak danych,manualna,6,na przednią oś,brak danych,brak danych,186 km/h,10.9 s,brak danych,brak danych,6.3 l/100km,5.3 l/100km,8.4 l/100km,60 l,952 km,1132 km,714 km,149 g/km,Euro 5,1280 kg,1785 kg,1300 kg,500 kg,brak danych,63 Ah,brak danych,Start&Stop,brak danych,""
Alfa Romeo Giulietta Nuova II Hatchback 5d 1.4 TB 16v 120KM 88kW 2010-2013,alfa romeo,giulietta nuova,https://www.autocentrum.pl/dane-techniczne/alfa-romeo/giulietta-nuova/ii/hatchback-5d/silnik-benzynowy-1.4-tb-16v-120km-2010-2013/,5,5,11.0 m,brak danych,4351 mm,1798 mm,1465 mm,2634 mm,1554 mm,1554 mm,955 mm,762 mm,120 mm,brak danych,2042 mm,brak danych,brak danych,brak danych,brak danych,brak danych,brak danych,brak danych,brak danych,brak danych,brak danych,brak danych,brak danych,brak danych,brak danych,brak danych,brak danych,brak danych,brak danych,brak danych,brak danych,brak danych,brak danych,brak danych,brak danych,brak danych,brak danych,brak danych,brak danych,brak danych,brak danych,brak danych,brak danych,350 l,brak danych,brak danych,brak danych,brak danych,brak danych,brak danych,brak danych,brak danych,brak danych,brak danych,brak danych,brak danych,brak danych,brak danych,brak danych,brak danych,brak danych,od 2010 do 2013 roku,1368 cm³,benzynowy,120 KM (88 kW) przy 5000 obr/min,206 Nm przy 1750 obr/min,intercooler,brak danych,4,brak danych,brak danych,"",brak danych,brak danych,wielopunktowy (MPFI),brak danych,brak danych,Rozrząd: Pasek zębaty z hydraulicznymi popychaczami System Start&Stop: Standard,dwuzębatkowy,205/55 R16,brak danych,brak danych,brak danych,brak danych,tarczowe wentylowane,tarczowe,281 mm,264 mm,brak danych,brak danych,brak danych,brak danych,"McPherson unowocześniony z aluminiowymi zwrotnicami, stabilizator zamontowany na pionowych łącznikach",Multilink ze zredukowaną poprzeczną belką nośną z aluminium,brak danych,manualna,6,na przednią oś,brak danych,brak danych,195 km/h,9.4 s,brak danych,brak danych,6.4 l/100km,5.3 l/100km,8.4 l/100km,60 l,937 km,1132 km,714 km,brak danych,brak danych,1355 kg,1785 kg,1300 kg,500 kg,brak danych,63 Ah,brak danych,brak danych,brak danych,""
Alfa Romeo Giulietta Nuova II Hatchback 5d 1.4 TB 16V LPG 120KM 88kW 2012-2013,alfa romeo,giulietta nuova,https://www.autocentrum.pl/dane-techniczne/alfa-romeo/giulietta-nuova/ii/hatchback-5d/silnik-benzynowy-1.4-tb-16v-lpg-120km-2012-2013/,5,5,11.0 m,brak danych,4351 mm,1798 mm,1465 mm,2634 mm,1554 mm,1554 mm,955 mm,762 mm,120 mm,brak danych,2042 mm,brak danych,brak danych,brak danych,brak danych,brak danych,brak danych,brak danych,brak danych,brak danych,brak danych,brak danych,brak danych,brak danych,brak danych,brak danych,brak danych,brak danych,brak danych,brak danych,brak danych,brak danych,brak danych,brak danych,brak danych,brak danych,brak danych,brak danych,brak danych,brak danych,brak danych,brak danych,brak danych,350 l,brak danych,brak danych,brak danych,brak danych,brak danych,brak danych,brak danych,brak danych,brak danych,brak danych,brak danych,brak danych,brak danych,brak danych,brak danych,brak danych,brak danych,od 2012 do 2013 roku,1368 cm³,benzynowy z lpg,120 KM (88 kW) przy 5000 obr/min,206 Nm przy 1750 obr/min,turbosprężarkowe,DOHC,4,rzędowy,16,"",brak danych,brak danych,wielopunktowy (MPFI),brak danych,brak danych,brak danych,brak danych,205/55 R16,brak danych,brak danych,brak danych,brak danych,tarczowe wentylowane,tarczowe,281 mm,264 mm,brak danych,brak danych,brak danych,brak danych,"McPherson unowocześniony z aluminiowymi zwrotnicami, stabilizator zamontowany na pionowych łącznikach",Multilink ze zredukowaną poprzeczną belką nośną z aluminium,brak danych,manualna,6,na przednią oś,brak danych,brak danych,195 km/h,9.4 s,brak danych,brak danych,8.3 l/100km,6.8 l/100km,10.9 l/100km,60 l,723 km,882 km,550 km,149 g/km,Euro 5,1280 kg,1785 kg,1300 kg,500 kg,brak danych,63 Ah,brak danych,Start&Stop,brak danych,""
Alfa Romeo Giulietta Nuova II Hatchback 5d 1.4 TB 16v Mair 170KM 125kW 2010-2013,alfa romeo,giulietta nuova,https://www.autocentrum.pl/dane-techniczne/alfa-romeo/giulietta-nuova/ii/hatchback-5d/silnik-benzynowy-1.4-tb-16v-mair-170km-2010-2013/,5,5,11.0 m,brak danych,4351 mm,1798 mm,1465 mm,2634 mm,1554 mm,1554 mm,955 mm,762 mm,120 mm,brak danych,2042 mm,brak danych,brak danych,brak danych,brak danych,brak danych,brak danych,brak danych,brak danych,brak danych,brak danych,brak danych,brak danych,brak danych,brak danych,brak danych,brak danych,brak danych,brak danych,brak danych,brak danych,brak danych,brak danych,brak danych,brak danych,brak danych,brak danych,brak danych,brak danych,brak danych,brak danych,brak danych,brak danych,350 l,brak danych,brak danych,brak danych,brak danych,brak danych,brak danych,brak danych,brak danych,brak danych,brak danych,brak danych,brak danych,brak danych,brak danych,brak danych,brak danych,brak danych,od 2010 do 2013 roku,1368 cm³,benzynowy,170 KM (125 kW) przy 5500 obr/min,250 Nm przy 2500 obr/min,intercooler,brak danych,4,brak danych,brak danych,"",brak danych,brak danych,wielopunktowy (MPFI),brak danych,brak danych,Rozrząd: Pasek zębaty z hydraulicznymi popychaczami i systemem MultiAir System Start&Stop Standard,dwuzębatkowy,205/55 R16,225/40 R18; 225/45 R17,brak danych,brak danych,brak danych,tarczowe wentylowane,tarczowe,305 mm,264 mm,brak danych,brak danych,brak danych,brak danych,"McPherson unowocześniony z aluminiowymi zwrotnicami, stabilizator zamontowany na pionowych łącznikach",Multilink ze zredukowaną poprzeczną belką nośną z aluminium,brak danych,automatyczna,6,na przednią oś,brak danych,brak danych,brak danych,brak danych,brak danych,brak danych,brak danych,brak danych,brak danych,60 l,1034 km,1304 km,769 km,brak danych,brak danych,brak danych,brak danych,brak danych,brak danych,brak danych,brak danych,brak danych,brak danych,brak danych,brak danych
Alfa Romeo Giulietta Nuova II Hatchback 5d 1750 TBi 16v 235KM 173kW 2010-2013,alfa romeo,giulietta nuova,https://www.autocentrum.pl/dane-techniczne/alfa-romeo/giulietta-nuova/ii/hatchback-5d/silnik-benzynowy-1750-tbi-16v-235km-2010-2013/,5,5,11.0 m,brak danych,4351 mm,1798 mm,1465 mm,2634 mm,1554 mm,1554 mm,955 mm,762 mm,120 mm,brak danych,2042 mm,brak danych,brak danych,brak danych,brak danych,brak danych,brak danych,brak danych,brak danych,brak danych,brak danych,brak danych,brak danych,brak danych,brak danych,brak danych,brak danych,brak danych,brak danych,brak danych,brak danych,brak danych,brak danych,brak danych,brak danych,brak danych,brak danych,brak danych,brak danych,brak danych,brak danych,brak danych,brak danych,350 l,brak danych,brak danych,brak danych,brak danych,brak danych,brak danych,brak danych,brak danych,brak danych,brak danych,brak danych,brak danych,brak danych,brak danych,brak danych,brak danych,brak danych,od 2010 do 2013 roku,1742 cm³,benzynowy,235 KM (173 kW) przy 5500 obr/min,300 Nm przy 4500 obr/min,intercooler,DOHC,4,rzędowy,16,"",brak danych,brak danych,bezpośredni,brak danych,brak danych,Rozrząd: Dwa wariatory faz i pasek zębaty z hydraulicznymi popychaczami System Start&Stop Standard System przepłukiwania cylindrów,dwuzębatkowy,225/45 R17,brak danych,brak danych,brak danych,brak danych,tarczowe wentylowane,tarczowe,330 mm,278 mm,brak danych,brak danych,brak danych,brak danych,"McPherson unowocześniony z aluminiowymi zwrotnicami, stabilizator zamontowany na pionowych łącznikach",Multilink ze zredukowaną poprzeczną belką nośną z aluminium,brak danych,automatyczna,6,na przednią oś,brak danych,brak danych,242 km/h,6.8 s,brak danych,brak danych,7.6 l/100km,5.8 l/100km,10.8 l/100km,60 l,789 km,1034 km,556 km,brak danych,Euro 5,1395 kg,1825 kg,1300 kg,500 kg,brak danych,60 Ah,brak danych,brak danych,brak danych,brak danych
Alfa Romeo Giulietta Nuova II Hatchback 5d 1.6 JTD 16v 105KM 77kW 2010-2013,alfa romeo,giulietta nuova,https://www.autocentrum.pl/dane-techniczne/alfa-romeo/giulietta-nuova/ii/hatchback-5d/silnik-diesla-1.6-jtd-16v-105km-2010-2013/,5,5,11.0 m,brak danych,4351 mm,1798 mm,1465 mm,2634 mm,1554 mm,1554 mm,955 mm,762 mm,120 mm,brak danych,2042 mm,brak danych,brak danych,brak danych,brak danych,brak danych,brak danych,brak danych,brak danych,brak danych,brak danych,brak danych,brak danych,brak danych,brak danych,brak danych,brak danych,brak danych,brak danych,brak danych,brak danych,brak danych,brak danych,brak danych,brak danych,brak danych,brak danych,brak danych,brak danych,brak danych,brak danych,brak danych,brak danych,350 l,brak danych,brak danych,brak danych,brak danych,brak danych,brak danych,brak danych,brak danych,brak danych,brak danych,brak danych,brak danych,brak danych,brak danych,brak danych,brak danych,brak danych,od 2010 do 2013 roku,1598 cm³,diesel,105 KM (77 kW) przy 4000 obr/min,280 Nm przy 1500 obr/min,turbosprężarka ze zmienną geometrią i z intercoolerem,brak danych,4,rzędowy,16,16.5 : 1,79.5 × 80.5 mm,samoczynny,bezpośredni Common Rail,brak danych,brak danych,Multijet 2: bezpośredni wtrysk paliwa 1600 bar Rozrząd: Pasek zębaty z hydraulicznymi popychaczami System Start&Stop Standard,dwuzębatkowy,205/55 R16,brak danych,brak danych,brak danych,brak danych,tarczowe wentylowane,tarczowe,281 mm,264 mm,brak danych,brak danych,brak danych,brak danych,"McPherson unowocześniony z aluminiowymi zwrotnicami, stabilizator zamontowany na pionowych łącznikach",Multilink ze zredukowaną poprzeczną belką nośną z aluminium,brak danych,manualna,6,na przednią oś,brak danych,brak danych,185 km/h,11.3 s,brak danych,brak danych,4.4 l/100km,3.7 l/100km,5.5 l/100km,60 l,1364 km,1622 km,1091 km,brak danych,brak danych,1385 kg,1815 kg,1300 kg,500 kg,brak danych,72 Ah,brak danych,brak danych,brak danych,""
Alfa Romeo Giulietta Nuova II Hatchback 5d 2.0 JTD 16v 140KM 103kW 2011-2013,alfa romeo,giulietta nuova,https://www.autocentrum.pl/dane-techniczne/alfa-romeo/giulietta-nuova/ii/hatchback-5d/silnik-diesla-2.0-jtd-16v-140km-2011-2013/,5,5,11.0 m,brak danych,4351 mm,1798 mm,1465 mm,2634 mm,1554 mm,1554 mm,955 mm,762 mm,120 mm,brak danych,2042 mm,brak danych,brak danych,brak danych,brak danych,brak danych,brak danych,brak danych,brak danych,brak danych,brak danych,brak danych,brak danych,brak danych,brak danych,brak danych,brak danych,brak danych,brak danych,brak danych,brak danych,brak danych,brak danych,brak danych,brak danych,brak danych,brak danych,brak danych,brak danych,brak danych,brak danych,brak danych,brak danych,350 l,brak danych,brak danych,brak danych,brak danych,brak danych,brak danych,brak danych,brak danych,brak danych,brak danych,brak danych,brak danych,brak danych,brak danych,brak danych,brak danych,brak danych,od 2011 do 2013 roku,1956 cm³,diesel,140 KM (103 kW) przy 4000 obr/min,320 Nm przy 1500 obr/min,turbosprężarka ze zmienną geometrią i z intercoolerem,brak danych,4,rzędowy,brak danych,"",brak danych,brak danych,bezpośredni,brak danych,brak danych,brak danych,brak danych,205/55 R16,brak danych,brak danych,brak danych,brak danych,tarczowe wentylowane,tarczowe,305 mm,264 mm,brak danych,brak danych,brak danych,brak danych,"McPherson unowocześniony z aluminiowymi zwrotnicami, stabilizator zamontowany na pionowych łącznikach",Multilink ze zredukowaną poprzeczną belką nośną z aluminium,brak danych,manualna,6,na przednią oś,brak danych,brak danych,205 km/h,9.0 s,brak danych,brak danych,4.5 l/100km,3.9 l/100km,5.6 l/100km,60 l,1333 km,1538 km,1071 km,119 g/km,Euro 5,1320 kg,1825 kg,1300 kg,500 kg,brak danych,72 Ah,brak danych,Start&Stop,brak danych,""
Alfa Romeo Giulietta Nuova II Hatchback 5d 2.0 JTD 16v 170KM 125kW 2010-2013,alfa romeo,giulietta nuova,https://www.autocentrum.pl/dane-techniczne/alfa-romeo/giulietta-nuova/ii/hatchback-5d/silnik-diesla-2.0-jtd-16v-170km-2010-2013/,5,5,11.0 m,brak danych,4351 mm,1798 mm,1465 mm,2634 mm,1554 mm,1554 mm,955 mm,762 mm,120 mm,brak danych,2042 mm,brak danych,brak danych,brak danych,brak danych,brak danych,brak danych,brak danych,brak danych,brak danych,brak danych,brak danych,brak danych,brak danych,brak danych,brak danych,brak danych,brak danych,brak danych,brak danych,brak danych,brak danych,brak danych,brak danych,brak danych,brak danych,brak danych,brak danych,brak danych,brak danych,brak danych,brak danych,brak danych,350 l,brak danych,brak danych,brak danych,brak danych,brak danych,brak danych,brak danych,brak danych,brak danych,brak danych,brak danych,brak danych,brak danych,brak danych,brak danych,brak danych,brak danych,od 2010 do 2013 roku,1956 cm³,diesel,170 KM (125 kW) przy 4000 obr/min,320 Nm przy 1500 obr/min,turbosprężarka ze zmienną geometrią i z intercoolerem,brak danych,4,brak danych,brak danych,"",brak danych,brak danych,bezpośredni,brak danych,brak danych,Multijet 2: bezpośredni wtrysk paliwa 1600 bar Rozrząd: Pasek zębaty z hydraulicznymi popychaczami System Start&Stop Standard,dwuzębatkowy,205/55 R16,brak danych,brak danych,brak danych,brak danych,tarczowe wentylowane,tarczowe,305 mm,264 mm,brak danych,brak danych,brak danych,brak danych,"McPherson unowocześniony z aluminiowymi zwrotnicami, stabilizator zamontowany na pionowych łącznikach",Multilink ze zredukowaną poprzeczną belką nośną z aluminium,brak danych,automatyczna,6,na przednią oś,brak danych,brak danych,brak danych,brak danych,brak danych,brak danych,brak danych,brak danych,brak danych,60 l,1277 km,1463 km,1034 km,brak danych,brak danych,brak danych,brak danych,brak danych,brak danych,brak danych,brak danych,brak danych,brak danych,brak danych,brak danych
Alfa Romeo GT I 1.3 Junior 87KM 64kW 1966-1977,alfa romeo,gt,https://www.autocentrum.pl/dane-techniczne/alfa-romeo/gt/i/silnik-benzynowy-1.3-junior-87km-1966-1977/,2,"","","",4080 mm,1580 mm,1310 mm,2350 mm,1320 mm,1270 mm,"","","","","","","","","","","","","","","","","","","","","","","","","","","","","","","","","","","","","","","","","","","","","","","","","","","","","","","",od 1966 do 1977 roku,1290 cm³,benzynowy,87 KM (64 kW) przy 6000 obr/min,137 Nm przy 3200 obr/min,"",SOHC (OHC),4,rzędowy,8,9.0 : 1,74 × 75 mm,"",gaźnik,"z przodu, podłużnie","","","","","","","","",tarczowe,bębnowe,"","","","","","","","","",manualna,5,na przednią oś,"","",170 km/h,12.5 s,"","",9.8 l/100km,"","","","","","","","",990 kg,1200 kg,"","","","","","","",""
Alfa Romeo GT I 1.6 102KM 75kW 1963-1966,alfa romeo,gt,https://www.autocentrum.pl/dane-techniczne/alfa-romeo/gt/i/silnik-benzynowy-1.6-102km-1963-1966/,2,"","","",4080 mm,1580 mm,1310 mm,2350 mm,1320 mm,1270 mm,"","","","","","","","","","","","","","","","","","","","","","","","","","","","","","","","","","","","","","","","","","","","","","","","","","","","","","","",od 1963 do 1966 roku,"",benzynowy,102 KM (75 kW),"","","",4,rzędowy,"","","","","","","","","","","","","","","","","","","","","","","","","","","","","","","","","","","","","","","","","","","","","","","","","","","","",""
Alfa Romeo GT I 1.6 103KM 76kW 1972-1977,alfa romeo,gt,https://www.autocentrum.pl/dane-techniczne/alfa-romeo/gt/i/silnik-benzynowy-1.6-103km-1972-1977/,2,"","","",4080 mm,1580 mm,1310 mm,2350 mm,1320 mm,1270 mm,"","","","","","","","","","","","","","","","","","","","","","","","","","","","","","","","","","","","","","","","","","","","","","","","","","","","","","","",od 1972 do 1977 roku,"",benzynowy,103 KM (76 kW),"","","",4,rzędowy,8,"","","","","","","","","","","","","","","","","","","","","","","","","","","","","","","","","","","","","","","","","","","","","","","","","","","",""
Alfa Romeo GT I 1.6 (105) 109KM 80kW 1966-1968,alfa romeo,gt,https://www.autocentrum.pl/dane-techniczne/alfa-romeo/gt/i/silnik-benzynowy-1.6-105-109km-1966-1968/,2,"","","",4080 mm,1580 mm,1310 mm,2350 mm,1320 mm,1270 mm,"","","","","","","","","","","","","","","","","","","","","","","","","","","","","","","","","","","","","","","","","","","","","","","","","","","","","","","",od 1966 do 1968 roku,1570 cm³,benzynowy,109 KM (80 kW) przy 6000 obr/min,156 Nm przy 2800 obr/min,"",SOHC (OHC),4,rzędowy,8,9.0 : 1,78 × 82 mm,"",gaźnik,"z przodu, podłużnie","","","","","","","","",tarczowe,bębnowe,"","","","","","","","","",manualna,5,na tylną oś,"","",185 km/h,10.0 s,"","",10.5 l/100km,"","",40 l,381 km,"","","","",1020 kg,1340 kg,"","","","","","","",""
Alfa Romeo GT I 1.6 (115) 109KM 80kW 1971-1977,alfa romeo,gt,https://www.autocentrum.pl/dane-techniczne/alfa-romeo/gt/i/silnik-benzynowy-1.6-115-109km-1971-1977/,2,"","","",4080 mm,1580 mm,1310 mm,2350 mm,1320 mm,1270 mm,"","","","","","","","","","","","","","","","","","","","","","","","","","","","","","","","","","","","","","","","","","","","","","","","","","","","","","","",od 1971 do 1977 roku,"",benzynowy,109 KM (80 kW) przy 6000 obr/min,"","","",4,rzędowy,8,"","","","","","","","","","","","","","","","","","","","","","","","",manualna,5,na tylną oś,"","","","","","","","","",40 l,"","","","","",950 kg,"","","","","","","","",""
Alfa Romeo GT I 1.6 A 115KM 85kW 1965-1970,alfa romeo,gt,https://www.autocentrum.pl/dane-techniczne/alfa-romeo/gt/i/silnik-benzynowy-1.6-a-115km-1965-1970/,2,"","","",4080 mm,1580 mm,1310 mm,2350 mm,1320 mm,1270 mm,"","","","","","","","","","","","","","","","","","","","","","","","","","","","","","","","","","","","","","","","","","","","","","","","","","","","","","","",od 1965 do 1970 roku,1570 cm³,benzynowy,115 KM (85 kW) przy 6000 obr/min,142 Nm przy 3000 obr/min,"",SOHC (OHC),4,rzędowy,8,10.0 : 1,78 × 82 mm,"",gaźnik,"z przodu, podłużnie","","","","","","","","",tarczowe,bębnowe,"","","","","","","","","",manualna,5,na tylną oś,"","",185 km/h,9.0 s,"",31.0 s,13.5 l/100km,"","","","","","","","",850 kg,1140 kg,"","","","","","","",""
Alfa Romeo GT I 1.75 V 113KM 83kW 1967-1972,alfa romeo,gt,https://www.autocentrum.pl/dane-techniczne/alfa-romeo/gt/i/silnik-benzynowy-1.75-v-113km-1967-1972/,2,"","","",4080 mm,1580 mm,1310 mm,2350 mm,1320 mm,1270 mm,"","","","","","","","","","","","","","","","","","","","","","","","","","","","","","","","","","","","","","","","","","","","","","","","","","","","","","","",od 1967 do 1972 roku,1779 cm³,benzynowy,113 KM (83 kW) przy 5500 obr/min,170 Nm przy 3000 obr/min,"",SOHC (OHC),4,rzędowy,8,9.0 : 1,80 × 88.5 mm,"",gaźnik,"z przodu, podłużnie","","","","","","","","",tarczowe,"","","","","","","","","","",manualna,5,na tylną oś,"","",190 km/h,10.0 s,"","",9.0 l/100km,"","","","","","","","",1040 kg,1360 kg,"","","","","","","",""
Alfa Romeo GT I 2.0 V 131KM 96kW 1971-1977,alfa romeo,gt,https://www.autocentrum.pl/dane-techniczne/alfa-romeo/gt/i/silnik-benzynowy-2.0-v-131km-1971-1977/,2,"","","",4080 mm,1580 mm,1310 mm,2350 mm,1320 mm,1270 mm,"","","","","","","","","","","","","","","","","","","","","","","","","","","","","","","","","","","","","","","","","","","","","","","","","","","","","","","",od 1971 do 1977 roku,1962 cm³,benzynowy,131 KM (96 kW) przy 5800 obr/min,176 Nm przy 3700 obr/min,"",SOHC (OHC),4,rzędowy,8,9.0 : 1,84 × 88.5 mm,"","","z przodu, podłużnie","","","","","","","","",tarczowe,"","","","","","","","","","",manualna,5,na tylną oś,"","",177 km/h,10.2 s,"","",9.8 l/100km,"","","","","","","","",1100 kg,1390 kg,"","","","","","","",""
Alfa Romeo GT II 1.8 T.Spark 140KM 103kW 2003-2010,alfa romeo,gt,https://www.autocentrum.pl/dane-techniczne/alfa-romeo/gt/ii/silnik-benzynowy-1.8-t.spark-140km-2003-2010/,2,5,11.5 m,5.8 m,4489 mm,1763 mm,1355 mm,2596 mm,1524 mm,1510 mm,967 mm,926 mm,"","","","","","","","","","","","","","","","","","","","","","","","","","","","","","","","","","","",320 l,905 l,"","","","","","","","","","","","","","","","",od 2003 do 2010 roku,1747 cm³,benzynowy,140 KM (103 kW) przy 6500 obr/min,163 Nm przy 3900 obr/min,"",DOHC,4,rzędowy,16,10.0 : 1,82 × 82.7 mm,"",wielopunktowy (MPI),"z przodu, poprzecznie","","","",205/55 R16,205/45 R17,6.5J x 16,"","",tarczowe wentylowane,tarczowe,"","","","","","","","","",manualna,5,na przednią oś,"","",200 km/h,10.6 s,"","",8.5 l/100km,6.4 l/100km,12.1 l/100km,63 l,741 km,984 km,521 km,202 g/km,"",1210 kg,1890 kg,"","","","","","","",""
Alfa Romeo GT II 2.0 JTS 16v 165KM 121kW 2003-2010,alfa romeo,gt,https://www.autocentrum.pl/dane-techniczne/alfa-romeo/gt/ii/silnik-benzynowy-2.0-jts-16v-165km-2003-2010/,2,5,11.5 m,5.8 m,4489 mm,1763 mm,1355 mm,2596 mm,1524 mm,1510 mm,967 mm,926 mm,"","","","","","","","","","","","","","","","","","","","","","","","","","","","","","","","","","","",320 l,905 l,"","","","","","","","","","","","","","","","",od 2003 do 2010 roku,1970 cm³,benzynowy,165 KM (121 kW) przy 6400 obr/min,206 Nm przy 3250 obr/min,"",DOHC,4,rzędowy,16,11.0 : 1,83 × 91 mm,"",bezpośredni,"z przodu, poprzecznie","","","",205/55 R16,215/45 R17,6.5J x 16,7.5 J X 17,"",tarczowe wentylowane,tarczowe,"","","","","","",wielowahaczowe,"","",automatyczna,5,na przednią oś,Selespeed,"",216 km/h,8.7 s,"",29.2 s,8.7 l/100km,6.8 l/100km,12.3 l/100km,63 l,724 km,926 km,512 km,"",Euro 4,1320 kg,1840 kg,"","","","","","","",""
Alfa Romeo GT II 3.2 i V6 24V GTA 240KM 177kW 2003-2010,alfa romeo,gt,https://www.autocentrum.pl/dane-techniczne/alfa-romeo/gt/ii/silnik-benzynowy-3.2-i-v6-24v-gta-240km-2003-2010/,2,5,11.5 m,5.8 m,4489 mm,1763 mm,1355 mm,2596 mm,1524 mm,1510 mm,967 mm,926 mm,"","","","","","","","","","","","","","","","","","","","","","","","","","","","","","","","","","","",320 l,905 l,"","","","","","","","","","","","","","","","",od 2003 do 2010 roku,3179 cm³,benzynowy,240 KM (177 kW) przy 6200 obr/min,300 Nm przy 4800 obr/min,"",DOHC,6,widlasty,24,10.0 : 1,93 × 78 mm,iskrowy,wielopunktowy (MPI),"z przodu, poprzecznie","","","",205/55 R16,"",6.5J x 16,"","",tarczowe wentylowane,tarczowe,"","","","","","","","","",manualna,6,na przednią oś,"","",243 km/h,6.7 s,"",26.0 s,12.4 l/100km,8.7 l/100km,18.6 l/100km,63 l,508 km,724 km,339 km,"",Euro 4,1410 kg,1930 kg,"","","","","","","",""
Alfa Romeo GT II 1.9 MultiJet 16v 150KM 110kW 2003-2010,alfa romeo,gt,https://www.autocentrum.pl/dane-techniczne/alfa-romeo/gt/ii/silnik-diesla-1.9-multijet-16v-150km-2003-2010/,2,5,11.5 m,5.8 m,4489 mm,1763 mm,1355 mm,2596 mm,1524 mm,1510 mm,967 mm,926 mm,"","","","","","","","","","","","","","","","","","","","","","","","","","","","","","","","","","","",320 l,905 l,"","","","","","","","","","","","","","","","",od 2003 do 2010 roku,1910 cm³,diesel,150 KM (110 kW) przy 4000 obr/min,305 Nm przy 2000 obr/min,turbosprężarkowe,DOHC,4,rzędowy,16,18.0 : 1,82 × 90.4 mm,"",bezpośredni Common Rail,"z przodu, poprzecznie","","","",205/55 R16,215/45 R17,6.5J x 16,"7,50Jx17",5x98,tarczowe wentylowane,tarczowe,"","","","","","","","","",manualna,6,na przednią oś,"","",209 km/h,9.2 s,"",30.5 s,6.7 l/100km,5.4 l/100km,8.7 l/100km,63 l,940 km,1167 km,724 km,"",Euro 3,1365 kg,1885 kg,"","","","","","","",""
Alfa Romeo GTV I 1.6 102KM 75kW 1974-1987,alfa romeo,gtv,https://www.autocentrum.pl/dane-techniczne/alfa-romeo/gtv/i/silnik-benzynowy-1.6-102km-1974-1987/,3,"","","",4260 mm,1664 mm,1330 mm,2400 mm,1373 mm,1352 mm,855 mm,1005 mm,"","","","","","","","","","","","","","","","","","","","","","","","","","","","","","","","","","","","","","","","","","","","","","","","","","","","","",od 1974 do 1987 roku,1570 cm³,benzynowy,102 KM (75 kW),"","","",4,rzędowy,"","","","","","","","","","","","","","","","","","","","","","","","","","","","","","","","","","","","","","","","","","","","","","","","","","","","",""
Alfa Romeo GTV I 1.8 120KM 88kW 1974-1987,alfa romeo,gtv,https://www.autocentrum.pl/dane-techniczne/alfa-romeo/gtv/i/silnik-benzynowy-1.8-120km-1974-1987/,3,"","","",4260 mm,1664 mm,1330 mm,2400 mm,1373 mm,1352 mm,855 mm,1005 mm,"","","","","","","","","","","","","","","","","","","","","","","","","","","","","","","","","","","","","","","","","","","","","","","","","","","","","",od 1974 do 1987 roku,1747 cm³,benzynowy,120 KM (88 kW) przy 6500 obr/min,169 Nm przy 3500 obr/min,"",DOHC,4,rzędowy,16,10.3 : 1,82 × 82.7 mm,iskrowy,wielopunktowy (MPI),"","","","",195/60 R15,"","","","",tarczowe wentylowane,tarczowe,"","","","","","","","",gazowe,manualna,5,na przednią oś,"","",210 km/h,9.2 s,"","","",6.5 l/100km,12.9 l/100km,"","","","","","",1350 kg,1600 kg,"","","","","","","",""
Alfa Romeo GTV I 2.0 128KM 94kW 1985-1985,alfa romeo,gtv,https://www.autocentrum.pl/dane-techniczne/alfa-romeo/gtv/i/silnik-benzynowy-2.0-128km-1985-1985/,3,"","","",4260 mm,1664 mm,1330 mm,2400 mm,1373 mm,1352 mm,855 mm,1005 mm,"","","","","","","","","","","","","","","","","","","","","","","","","","","","","","","","","","","","","","","","","","","","","","","","","","","","","",w 1985 roku,1962 cm³,benzynowy,128 KM (94 kW) przy 5400 obr/min,179 Nm przy 4000 obr/min,"",SOHC (OHC),4,rzędowy,8,9.0 : 1,84 × 88.5 mm,iskrowy,gaźnik,"","","","",185/70 R14,"","","","",tarczowe,tarczowe,"","","","","","","","",gazowe,manualna,5,na tylną oś,"","",191 km/h,9.1 s,16.5 s,30.3 s,9.7 l/100km,6.9 l/100km,12.9 l/100km,"","","","","","",1110 kg,1450 kg,"","","","","","","",""
Alfa Romeo GTV I 2.0 130KM 96kW 1978-1986,alfa romeo,gtv,https://www.autocentrum.pl/dane-techniczne/alfa-romeo/gtv/i/silnik-benzynowy-2.0-130km-1978-1986/,3,"","","",4260 mm,1664 mm,1330 mm,2400 mm,1373 mm,1352 mm,855 mm,1005 mm,"","","","","","","","","","","","","","","","","","","","","","","","","","","","","","","","","","","","","","","","","","","","","","","","","","","","","",od 1978 do 1986 roku,1962 cm³,benzynowy,130 KM (96 kW) przy 5400 obr/min,180 Nm przy 4000 obr/min,"",SOHC (OHC),4,rzędowy,8,9.0 : 1,84 × 88.5 mm,"",gaźnik,"z przodu, podłużnie","","","",185/70 R14,"","","","",tarczowe,bębnowe,"","","","","","","","","",manualna,5,na tylną oś,"","",195 km/h,9.5 s,"",30.3 s,9.7 l/100km,6.9 l/100km,12.9 l/100km,"","","","","","",1110 kg,1450 kg,"","","","","","","",""
Alfa Romeo GTV I 2.0 Turbodelta 150KM 110kW 1978-1980,alfa romeo,gtv,https://www.autocentrum.pl/dane-techniczne/alfa-romeo/gtv/i/silnik-benzynowy-2.0-turbodelta-150km-1978-1980/,3,"","","",4260 mm,1664 mm,1330 mm,2400 mm,1373 mm,1352 mm,855 mm,1005 mm,"","","","","","","","","","","","","","","","","","","","","","","","","","","","","","","","","","","","","","","","","","","","","","","","","","","","","",od 1978 do 1980 roku,1962 cm³,benzynowy,150 KM (110 kW) przy 5400 obr/min,180 Nm przy 4000 obr/min,"",SOHC (OHC),4,rzędowy,8,9.0 : 1,84 × 88.5 mm,iskrowy,gaźnik,"","","","",185/70 R14,"","","","","","","","","","","","","","","","","","","","","","","","","","","","","","","","","","","","","","","","","","",""
Alfa Romeo GTV I 2.5 160KM 118kW 1980-1987,alfa romeo,gtv,https://www.autocentrum.pl/dane-techniczne/alfa-romeo/gtv/i/silnik-benzynowy-2.5-160km-1980-1987/,3,"","","",4260 mm,1664 mm,1330 mm,2400 mm,1373 mm,1352 mm,855 mm,1005 mm,"","","","","","","","","","","","","","","","","","","","","","","","","","","","","","","","","","","","","","","","","","","","","","","","","","","","","",od 1980 do 1987 roku,2492 cm³,benzynowy,160 KM (118 kW) przy 6000 obr/min,213 Nm przy 4000 obr/min,"",SOHC (OHC),6,widlasty,12,9.0 : 1,88 × 68.3 mm,"","","z przodu, podłużnie","","","",195/60 R15,"","","","",tarczowe,"","","","","","","","","","",manualna,5,na tylną oś,"","",205 km/h,8.3 s,"",29.5 s,10.8 l/100km,7.7 l/100km,14.8 l/100km,"","","","","","",1210 kg,1550 kg,"","","","","","","",""
Alfa Romeo GTV II Coupe 1.8 i 16V T.Spark 144KM 106kW 1998-2002,alfa romeo,gtv,https://www.autocentrum.pl/dane-techniczne/alfa-romeo/gtv/ii/coupe/silnik-benzynowy-1.8-i-16v-t.spark-144km-1998-2002/,2,4,"","",4285 mm,1780 mm,1318 mm,2540 mm,1499 mm,1497 mm,975 mm,770 mm,"","","","","","","","","","","","","","","","","","","","","","","","","","","","","","","","","","","",110 l,"","","","","","","","","","","","","","","","","",od 1998 do 2002 roku,1747 cm³,benzynowy,144 KM (106 kW) przy 6500 obr/min,169 Nm przy 3500 obr/min,"",DOHC,4,rzędowy,16,10.0 : 1,82 × 82.7 mm,"",wielopunktowy (MPI),"z przodu, poprzecznie","","","",195/60 R15,"","","","",tarczowe wentylowane,tarczowe,"","","","","","","","","",manualna,5,na przednią oś,"","",210 km/h,9.2 s,"",30.5 s,8.9 l/100km,6.5 l/100km,12.9 l/100km,70 l,787 km,1077 km,543 km,"","",1350 kg,1760 kg,"","","","","","","",""
Alfa Romeo GTV II Coupe 2.0 i 16V T.Spark 150KM 110kW 1995-2002,alfa romeo,gtv,https://www.autocentrum.pl/dane-techniczne/alfa-romeo/gtv/ii/coupe/silnik-benzynowy-2.0-i-16v-t.spark-150km-1995-2002/,2,4,"","",4285 mm,1780 mm,1318 mm,2540 mm,1499 mm,1497 mm,975 mm,770 mm,"","","","","","","","","","","","","","","","","","","","","","","","","","","","","","","","","","","",110 l,"","","","","","","","","","","","","","","","","",od 1995 do 2002 roku,1970 cm³,benzynowy,150 KM (110 kW) przy 6300 obr/min,187 Nm przy 4000 obr/min,"",DOHC,4,rzędowy,16,10.0 : 1,83 × 91 mm,"",wielopunktowy (MPI),"z przodu, poprzecznie","","","",205/50 R16,"",7J X 16,"","",tarczowe wentylowane,tarczowe,"","","","","","","","","",manualna,5,na przednią oś,"","",215 km/h,8.4 s,"",29.7 s,8.1 l/100km,6.2 l/100km,10.4 l/100km,70 l,864 km,1129 km,673 km,"","",1370 kg,1780 kg,"","","","","","","",""
Alfa Romeo GTV II Coupe 2.0 i V6 TB 202KM 149kW 1994-1998,alfa romeo,gtv,https://www.autocentrum.pl/dane-techniczne/alfa-romeo/gtv/ii/coupe/silnik-benzynowy-2.0-i-v6-tb-202km-1994-1998/,2,4,"","",4285 mm,1780 mm,1318 mm,2540 mm,1499 mm,1497 mm,975 mm,770 mm,"","","","","","","","","","","","","","","","","","","","","","","","","","","","","","","","","","","",110 l,"","","","","","","","","","","","","","","","","",od 1994 do 1998 roku,1996 cm³,benzynowy,202 KM (149 kW) przy 6000 obr/min,280 Nm przy 2400 obr/min,turbosprężarkowe,SOHC (OHC),6,widlasty,12,8.0 : 1,80 × 66.2 mm,"",wielopunktowy (MPI),"z przodu, poprzecznie","","","",195/60 R15,"","","","",tarczowe wentylowane,tarczowe,"","","","","","","","","",manualna,5,na przednią oś,"","",235 km/h,7.4 s,"",27.7 s,10.8 l/100km,7.5 l/100km,16.6 l/100km,70 l,648 km,933 km,422 km,"","",1430 kg,1820 kg,"","","","","","","",""
Alfa Romeo GTV II Coupe 2.0 JTS 165KM 121kW 2002-2005,alfa romeo,gtv,https://www.autocentrum.pl/dane-techniczne/alfa-romeo/gtv/ii/coupe/silnik-benzynowy-2.0-jts-165km-2002-2005/,2,4,"","",4285 mm,1780 mm,1318 mm,2540 mm,1499 mm,1497 mm,975 mm,770 mm,"","","","","","","","","","","","","","","","","","","","","","","","","","","","","","","","","","","",110 l,"","","","","","","","","","","","","","","","","",od 2002 do 2005 roku,1970 cm³,benzynowy,165 KM (121 kW) przy 6400 obr/min,206 Nm przy 3250 obr/min,"",DOHC,4,rzędowy,16,11.0 : 1,83 × 91 mm,"",bezpośredni,"z przodu, poprzecznie","","","",205/50 R16,"",7J X 16,"","",tarczowe wentylowane,tarczowe,"","","","","","","","","",manualna,5,na przednią oś,"","",220 km/h,8.4 s,"","",9.2 l/100km,6.8 l/100km,13.3 l/100km,70 l,761 km,1029 km,526 km,"","",1370 kg,1780 kg,"","","","","","","",""
Alfa Romeo GTV II Coupe 2.0 TS 155KM 114kW 1994-1998,alfa romeo,gtv,https://www.autocentrum.pl/dane-techniczne/alfa-romeo/gtv/ii/coupe/silnik-benzynowy-2.0-ts-155km-1994-1998/,2,4,"","",4285 mm,1780 mm,1318 mm,2540 mm,1499 mm,1497 mm,975 mm,770 mm,"","","","","","","","","","","","","","","","","","","","","","","","","","","","","","","","","","","",110 l,"","","","","","","","","","","","","","","","","",od 1994 do 1998 roku,1970 cm³,benzynowy,155 KM (114 kW) przy 6400 obr/min,187 Nm przy 3500 obr/min,"",DOHC,4,rzędowy,16,10.0 : 1,83 × 91 mm,"",bezpośredni,"z przodu, poprzecznie","","","",195/60 R15,"","","","",tarczowe wentylowane,tarczowe,"","","","","","","","","",manualna,5,na przednią oś,"","",216 km/h,8.4 s,"",29.6 s,9.2 l/100km,6.8 l/100km,13.3 l/100km,70 l,761 km,1029 km,526 km,"","",1370 kg,1780 kg,"","","","","","","",""
Alfa Romeo GTV II Coupe 3.0 i V6 24V 218KM 160kW 1998-2003,alfa romeo,gtv,https://www.autocentrum.pl/dane-techniczne/alfa-romeo/gtv/ii/coupe/silnik-benzynowy-3.0-i-v6-24v-218km-1998-2003/,2,4,"","",4285 mm,1780 mm,1318 mm,2540 mm,1499 mm,1497 mm,975 mm,770 mm,"","","","","","","","","","","","","","","","","","","","","","","","","","","","","","","","","","","",110 l,"","","","","","","","","","","","","","","","","",od 1998 do 2003 roku,2959 cm³,benzynowy,218 KM (160 kW) przy 6300 obr/min,265 Nm przy 5000 obr/min,"",DOHC,6,widlasty,24,10.0 : 1,93 × 72.6 mm,"",wielopunktowy (MPI),"z przodu, poprzecznie","","","",205/50 R16,"","","","",tarczowe wentylowane,tarczowe,"","","","","","","","","",manualna,6,na przednią oś,"","",238 km/h,6.7 s,"",26.9 s,11.7 l/100km,8.7 l/100km,16.8 l/100km,70 l,598 km,805 km,417 km,"","",1415 kg,1820 kg,"","","","","","","",""
Alfa Romeo GTV II Coupe 3.0 i V6 24V 220KM 162kW 1997-1998,alfa romeo,gtv,https://www.autocentrum.pl/dane-techniczne/alfa-romeo/gtv/ii/coupe/silnik-benzynowy-3.0-i-v6-24v-220km-1997-1998/,2,4,"","",4285 mm,1780 mm,1318 mm,2540 mm,1499 mm,1497 mm,975 mm,770 mm,"","","","","","","","","","","","","","","","","","","","","","","","","","","","","","","","","","","",110 l,"","","","","","","","","","","","","","","","","",od 1997 do 1998 roku,2959 cm³,benzynowy,220 KM (162 kW) przy 6300 obr/min,270 Nm przy 5000 obr/min,"",DOHC,6,widlasty,24,10.0 : 1,93 × 72.6 mm,"",wielopunktowy (MPI),"z przodu, poprzecznie","","","",205/50 R16,"","","","",tarczowe wentylowane,tarczowe,"","","","","","","","","",manualna,5,na przednią oś,"","",240 km/h,6.7 s,"",26.8 s,11.7 l/100km,8.8 l/100km,16.8 l/100km,70 l,598 km,795 km,417 km,278 g/km,"",1415 kg,1820 kg,"","","","","","","",""
Alfa Romeo GTV II Coupe 3.0 V6 12V 200KM 147kW 1995-1998,alfa romeo,gtv,https://www.autocentrum.pl/dane-techniczne/alfa-romeo/gtv/ii/coupe/silnik-benzynowy-3.0-v6-12v-200km-1995-1998/,2,4,"","",4285 mm,1780 mm,1318 mm,2540 mm,1499 mm,1497 mm,975 mm,770 mm,"","","","","","","","","","","","","","","","","","","","","","","","","","","","","","","","","","","",110 l,"","","","","","","","","","","","","","","","","",od 1995 do 1998 roku,2959 cm³,benzynowy,200 KM (147 kW) przy 6000 obr/min,271 Nm przy 2400 obr/min,"",SOHC (OHC),6,widlasty,12,8.0 : 1,80 × 66.2 mm,iskrowy,wielopunktowy (MPI),"","","","",205/50 R16,"","","","",tarczowe wentylowane,tarczowe,"","","","","","","","",gazowe,manualna,5,na przednią oś,"","",238 km/h,7.3 s,15.4 s,27.9 s,9.5 l/100km,7.2 l/100km,12.0 l/100km,70 l,737 km,972 km,583 km,"","",1430 kg,1820 kg,"","","","","","","",""
Alfa Romeo GTV II Coupe 3.2 i V6 24V 240KM 177kW 2003-2005,alfa romeo,gtv,https://www.autocentrum.pl/dane-techniczne/alfa-romeo/gtv/ii/coupe/silnik-benzynowy-3.2-i-v6-24v-240km-2003-2005/,2,4,"","",4285 mm,1780 mm,1318 mm,2540 mm,1499 mm,1497 mm,975 mm,770 mm,"","","","","","","","","","","","","","","","","","","","","","","","","","","","","","","","","","","",110 l,"","","","","","","","","","","","","","","","","",od 2003 do 2005 roku,3179 cm³,benzynowy,240 KM (177 kW) przy 6200 obr/min,289 Nm przy 4800 obr/min,"",DOHC,6,widlasty,24,10.0 : 1,93 × 78 mm,"",wielopunktowy (MPI),"z przodu, poprzecznie","","","",225/45 R17,"",7.5J X 17,"","",tarczowe wentylowane,tarczowe,"","","","","","","","","",manualna,6,na przednią oś,"","",255 km/h,6.3 s,"","",13.2 l/100km,9.3 l/100km,19.9 l/100km,70 l,530 km,753 km,352 km,"","",1455 kg,1855 kg,"","","","","","","",""
Alfa Romeo GTV II Spider 1.8 i 16V T.Spark 144KM 106kW 1998-2002,alfa romeo,gtv,https://www.autocentrum.pl/dane-techniczne/alfa-romeo/gtv/ii/spider/silnik-benzynowy-1.8-i-16v-t.spark-144km-1998-2002/,2,2,11.2 m,5.6 m,4299 mm,1776 mm,1315 mm,2540 mm,1499 mm,1506 mm,989 mm,770 mm,110 mm,"","","","","","","","","","","","","","","","","","","","","","","","","","","","","","","","","","",110 l,"","","","","","","","","","","","","","","","","",od 1998 do 2002 roku,1747 cm³,benzynowy,144 KM (106 kW) przy 6500 obr/min,169 Nm przy 3500 obr/min,"",DOHC,4,rzędowy,16,10.0 : 1,82 × 82.7 mm,"",wielopunktowy (MPI),"z przodu, poprzecznie","","","",195/60 R15,"","","","",tarczowe,tarczowe,"","","","","","","","","",manualna,5,na przednią oś,"","",205 km/h,9.3 s,"",30.7 s,8.9 l/100km,6.5 l/100km,12.9 l/100km,70 l,787 km,1077 km,543 km,"","",1350 kg,1610 kg,"","","","","","","",""
Alfa Romeo GTV II Spider 2.0 i 16V T.Spark 150KM 110kW 1995-2002,alfa romeo,gtv,https://www.autocentrum.pl/dane-techniczne/alfa-romeo/gtv/ii/spider/silnik-benzynowy-2.0-i-16v-t.spark-150km-1995-2002/,2,2,11.2 m,5.6 m,4299 mm,1776 mm,1315 mm,2540 mm,1499 mm,1506 mm,989 mm,770 mm,110 mm,"","","","","","","","","","","","","","","","","","","","","","","","","","","","","","","","","","",110 l,"","","","","","","","","","","","","","","","","",od 1995 do 2002 roku,1970 cm³,benzynowy,150 KM (110 kW) przy 6300 obr/min,187 Nm przy 4000 obr/min,"",DOHC,4,rzędowy,16,10.0 : 1,83 × 91 mm,"",wielopunktowy (MPI),"z przodu, poprzecznie","","","",205/50 R16,"",7J X 16,"","",tarczowe wentylowane,tarczowe,"","","","","","","","","",manualna,5,na przednią oś,"","",210 km/h,8.4 s,"",29.8 s,9.2 l/100km,6.8 l/100km,13.3 l/100km,70 l,761 km,1029 km,526 km,"","",1370 kg,1630 kg,"","","","","","","",""
Alfa Romeo GTV II Spider 2.0 i V6 TB 202KM 149kW 1995-1998,alfa romeo,gtv,https://www.autocentrum.pl/dane-techniczne/alfa-romeo/gtv/ii/spider/silnik-benzynowy-2.0-i-v6-tb-202km-1995-1998/,2,2,11.2 m,5.6 m,4299 mm,1776 mm,1315 mm,2540 mm,1499 mm,1506 mm,989 mm,770 mm,110 mm,"","","","","","","","","","","","","","","","","","","","","","","","","","","","","","","","","","",110 l,"","","","","","","","","","","","","","","","","",od 1995 do 1998 roku,1997 cm³,benzynowy,202 KM (149 kW) przy 6000 obr/min,280 Nm przy 2400 obr/min,turbosprężarkowe,SOHC (OHC),6,widlasty,12,8.0 : 1,80 × 66.2 mm,"",wielopunktowy (MPI),"z przodu, poprzecznie","","","",195/60 R15,"","","","",tarczowe wentylowane,tarczowe,"","","","","","","","","",manualna,5,na przednią oś,"","",228 km/h,7.7 s,"",27.9 s,10.8 l/100km,7.5 l/100km,16.6 l/100km,70 l,648 km,933 km,422 km,"","",1430 kg,1820 kg,"","","","","","","",""
Alfa Romeo GTV II Spider 2.0 JTS 165KM 121kW 2002-2006,alfa romeo,gtv,https://www.autocentrum.pl/dane-techniczne/alfa-romeo/gtv/ii/spider/silnik-benzynowy-2.0-jts-165km-2002-2006/,2,2,11.2 m,5.6 m,4299 mm,1776 mm,1315 mm,2540 mm,1499 mm,1506 mm,989 mm,770 mm,110 mm,"","","","","","","","","","","","","","","","","","","","","","","","","","","","","","","","","","",110 l,"","","","","","","","","","","","","","","","","",od 2002 do 2006 roku,1970 cm³,benzynowy,165 KM (121 kW) przy 6400 obr/min,206 Nm przy 3250 obr/min,"","",4,rzędowy,16,11.0 : 1,83 × 91 mm,"",bezpośredni,"z przodu, poprzecznie","","","",205/50 R16,"",7J X 16,"","",tarczowe wentylowane,tarczowe,"","","","","","","","","",manualna,5,na przednią oś,"","",210 km/h,8.4 s,"","",9.2 l/100km,6.8 l/100km,13.3 l/100km,70 l,761 km,1029 km,526 km,"","",1405 kg,1780 kg,"","","","","","","",""
Alfa Romeo GTV II Spider 2.0 TS 155KM 114kW 1995-1998,alfa romeo,gtv,https://www.autocentrum.pl/dane-techniczne/alfa-romeo/gtv/ii/spider/silnik-benzynowy-2.0-ts-155km-1995-1998/,2,2,11.2 m,5.6 m,4299 mm,1776 mm,1315 mm,2540 mm,1499 mm,1506 mm,989 mm,770 mm,110 mm,"","","","","","","","","","","","","","","","","","","","","","","","","","","","","","","","","","",110 l,"","","","","","","","","","","","","","","","","",od 1995 do 1998 roku,1970 cm³,benzynowy,155 KM (114 kW) przy 6400 obr/min,187 Nm przy 3500 obr/min,"",DOHC,4,rzędowy,16,10.0 : 1,83 × 91 mm,"",wielopunktowy (MPI),"z przodu, poprzecznie","","","",195/60 R15,"","","","",tarczowe wentylowane,tarczowe,"","","","","","","","","",manualna,5,na przednią oś,"","",211 km/h,8.4 s,"",29.8 s,9.2 l/100km,6.8 l/100km,13.3 l/100km,70 l,761 km,1029 km,526 km,"","",1370 kg,1630 kg,"","","","","","","",""
Alfa Romeo GTV II Spider 3.0 i V6 24V 218KM 160kW 1998-2003,alfa romeo,gtv,https://www.autocentrum.pl/dane-techniczne/alfa-romeo/gtv/ii/spider/silnik-benzynowy-3.0-i-v6-24v-218km-1998-2003/,2,2,11.2 m,5.6 m,4299 mm,1776 mm,1315 mm,2540 mm,1499 mm,1506 mm,989 mm,770 mm,110 mm,"","","","","","","","","","","","","","","","","","","","","","","","","","","","","","","","","","",110 l,"","","","","","","","","","","","","","","","","",od 1998 do 2003 roku,2959 cm³,benzynowy,218 KM (160 kW) przy 6300 obr/min,265 Nm przy 5000 obr/min,"",DOHC,6,widlasty,24,10.0 : 1,93 × 72.6 mm,"",wielopunktowy (MPI),"z przodu, poprzecznie","","","",205/50 R16,"","","","",tarczowe wentylowane,tarczowe,"","","","","","","","","",manualna,6,na przednią oś,"","",233 km/h,6.5 s,"",27.1 s,11.7 l/100km,8.7 l/100km,16.8 l/100km,70 l,598 km,805 km,417 km,"","",1415 kg,1820 kg,"","","","","","","",""
Alfa Romeo GTV II Spider 3.0 i V6 24V 220KM 162kW 1997-1998,alfa romeo,gtv,https://www.autocentrum.pl/dane-techniczne/alfa-romeo/gtv/ii/spider/silnik-benzynowy-3.0-i-v6-24v-220km-1997-1998/,2,2,11.2 m,5.6 m,4299 mm,1776 mm,1315 mm,2540 mm,1499 mm,1506 mm,989 mm,770 mm,110 mm,"","","","","","","","","","","","","","","","","","","","","","","","","","","","","","","","","","",110 l,"","","","","","","","","","","","","","","","","",od 1997 do 1998 roku,2959 cm³,benzynowy,220 KM (162 kW) przy 6300 obr/min,265 Nm,"",DOHC,6,widlasty,4,10.0 : 1,"","",wielopunktowy (MPI),"z przodu, poprzecznie","","","",205/50 R16,"","","","",tarczowe wentylowane,tarczowe,"","","","","","","","","",manualna,5,na przednią oś,"","",240 km/h,6.7 s,"","","","",17.0 l/100km,70 l,"","",412 km,"","",1415 kg,1820 kg,"","","","","","","",""
Alfa Romeo GTV II Spider 3.0 V6 12V 192KM 141kW 1995-1998,alfa romeo,gtv,https://www.autocentrum.pl/dane-techniczne/alfa-romeo/gtv/ii/spider/silnik-benzynowy-3.0-v6-12v-192km-1995-1998/,2,2,11.2 m,5.6 m,4299 mm,1776 mm,1315 mm,2540 mm,1499 mm,1506 mm,989 mm,770 mm,110 mm,"","","","","","","","","","","","","","","","","","","","","","","","","","","","","","","","","","",110 l,"","","","","","","","","","","","","","","","","",od 1995 do 1998 roku,2959 cm³,benzynowy,192 KM (141 kW) przy 5600 obr/min,260 Nm przy 4400 obr/min,"",SOHC (OHC),6,widlasty,12,10.0 : 1,93 × 72.6 mm,"",wielopunktowy (MPI),"z przodu, poprzecznie","","","",205/50 R16,"","","","",tarczowe wentylowane,tarczowe,"","","","","","","","","",manualna,5,na przednią oś,"","",225 km/h,7.3 s,"",27.8 s,9.5 l/100km,6.8 l/100km,13.0 l/100km,70 l,737 km,1029 km,538 km,"","",1420 kg,1820 kg,"","","","","","","",""
Alfa Romeo GTV II Spider 3.2 i V6 24V 240KM 177kW 2003-2006,alfa romeo,gtv,https://www.autocentrum.pl/dane-techniczne/alfa-romeo/gtv/ii/spider/silnik-benzynowy-3.2-i-v6-24v-240km-2003-2006/,2,2,11.2 m,5.6 m,4299 mm,1776 mm,1315 mm,2540 mm,1499 mm,1506 mm,989 mm,770 mm,110 mm,"","","","","","","","","","","","","","","","","","","","","","","","","","","","","","","","","","",110 l,"","","","","","","","","","","","","","","","","",od 2003 do 2006 roku,3179 cm³,benzynowy,240 KM (177 kW) przy 6200 obr/min,289 Nm przy 4800 obr/min,"",DOHC,6,widlasty,24,10.0 : 1,93 × 78 mm,"",wielopunktowy (MPI),"z przodu, poprzecznie","","","",225/45 R17,"",7.5J X 17,"","",tarczowe wentylowane,tarczowe,"","","","","","","","","",manualna,6,na przednią oś,"","",242 km/h,6.3 s,"","",13.2 l/100km,9.3 l/100km,19.9 l/100km,70 l,530 km,753 km,352 km,"","",1470 kg,1780 kg,"","","","","","","",""
Alfa Romeo Junior SUV Electric 54kWh 156KM 115kW od 2024,alfa romeo,junior,https://www.autocentrum.pl/dane-techniczne/alfa-romeo/junior/suv-electric/silnik-elektryczny-54kwh-156km-od-2024/,5,5,10.5 m,5.2 m,4173 mm,1781 mm,1539 mm,2557 mm,brak danych,brak danych,brak danych,brak danych,168 mm,brak danych,1981 mm,brak danych,brak danych,brak danych,brak danych,brak danych,brak danych,brak danych,brak danych,brak danych,brak danych,brak danych,brak danych,brak danych,brak danych,brak danych,brak danych,brak danych,brak danych,brak danych,brak danych,brak danych,brak danych,brak danych,brak danych,brak danych,brak danych,brak danych,brak danych,brak danych,brak danych,brak danych,brak danych,400 l,1265 l,brak danych,brak danych,brak danych,brak danych,brak danych,brak danych,brak danych,brak danych,brak danych,brak danych,brak danych,brak danych,brak danych,brak danych,brak danych,brak danych,od 2024 roku,"",elektryczny,156 KM (115 kW),260 Nm,"","","","","","","","","",brak danych,"",brak danych,przekładnia zębatkowa ze wspomaganiem elektrycznym,215/55 R18,brak danych,brak danych,brak danych,brak danych,tarczowe wentylowane,tarczowe,302 mm,268 mm,brak danych,brak danych,26 mm,12 mm,brak danych,brak danych,gazowe,bezstopniowa,1,na przednią oś,brak danych,hydrokinetyczne,150 km/h,9.0 s,brak danych,brak danych,"","","","","","","","","",1545 kg,brak danych,brak danych,brak danych,brak danych,"","","",brak danych,""
Alfa Romeo Junior SUV Electric 54kWh 240KM 177kW od 2024,alfa romeo,junior,https://www.autocentrum.pl/dane-techniczne/alfa-romeo/junior/suv-electric/silnik-elektryczny-54kwh-240km-od-2024/,5,5,10.5 m,5.2 m,4173 mm,1781 mm,1539 mm,2557 mm,brak danych,brak danych,brak danych,brak danych,168 mm,brak danych,1981 mm,brak danych,brak danych,brak danych,brak danych,brak danych,brak danych,brak danych,brak danych,brak danych,brak danych,brak danych,brak danych,brak danych,brak danych,brak danych,brak danych,brak danych,brak danych,brak danych,brak danych,brak danych,brak danych,brak danych,brak danych,brak danych,brak danych,brak danych,brak danych,brak danych,brak danych,brak danych,brak danych,400 l,1265 l,brak danych,brak danych,brak danych,brak danych,brak danych,brak danych,brak danych,brak danych,brak danych,brak danych,brak danych,brak danych,brak danych,brak danych,brak danych,brak danych,od 2024 roku,"",elektryczny,240 KM (177 kW),260 Nm,"","","","","","","","","",brak danych,"",brak danych,przekładnia zębatkowa ze wspomaganiem elektrycznym,225/40 R20,brak danych,brak danych,brak danych,brak danych,tarczowe wentylowane,tarczowe,382 mm,268 mm,brak danych,brak danych,32 mm,12 mm,brak danych,brak danych,gazowe,bezstopniowa,1,na przednią oś,brak danych,hydrokinetyczne,200 km/h,5.6 s,brak danych,brak danych,"","","","","","","","","",1560 kg,brak danych,brak danych,brak danych,brak danych,"","","",brak danych,""
Alfa Romeo Junior SUV 1.2 Hybrid 136KM 100kW od 2024,alfa romeo,junior,https://www.autocentrum.pl/dane-techniczne/alfa-romeo/junior/suv/silnik-hybrydowy-1.2-hybrid-136km-od-2024/,5,5,10.5 m,5.2 m,4173 mm,1781 mm,1539 mm,2557 mm,brak danych,brak danych,brak danych,brak danych,168 mm,brak danych,1981 mm,brak danych,brak danych,brak danych,brak danych,brak danych,brak danych,brak danych,brak danych,brak danych,brak danych,brak danych,brak danych,brak danych,brak danych,brak danych,brak danych,brak danych,brak danych,brak danych,brak danych,brak danych,brak danych,brak danych,brak danych,brak danych,brak danych,brak danych,brak danych,brak danych,brak danych,brak danych,brak danych,415 l,1280 l,brak danych,brak danych,brak danych,brak danych,brak danych,brak danych,brak danych,brak danych,brak danych,brak danych,brak danych,brak danych,brak danych,brak danych,brak danych,brak danych,od 2024 roku,1199 cm³,hybrydowy,136 KM (100 kW),230 Nm,turbosprężarkowe,DOHC,3,rzędowy,12,"",brak danych,brak danych,brak danych,"z przodu, poprzecznie",brak danych,brak danych,przekładnia zębatkowa ze wspomaganiem elektrycznym,215/55 R18,brak danych,brak danych,brak danych,brak danych,tarczowe wentylowane,tarczowe,302 mm,249 mm,brak danych,brak danych,26 mm,10 mm,brak danych,brak danych,brak danych,automatyczna,"",na przednią oś,eDCT,hydrokinetyczne,206 km/h,8.9 s,brak danych,brak danych,5.2 l/100km,brak danych,brak danych,45 l,865 km,"","",117 g/km,Euro 6d,1305 kg,brak danych,brak danych,brak danych,brak danych,brak danych,brak danych,brak danych,brak danych,6
Alfa Romeo MiTo Hatchback 3d Facelifting 2016 0.9 TwinAir 105KM 77kW 2016-2018,alfa romeo,mito,https://www.autocentrum.pl/dane-techniczne/alfa-romeo/mito/hatchback-3d-facelifting-2016/silnik-benzynowy-0.9-twinair-105km-2016-2018/,3,5,11.2 m,brak danych,4063 mm,1720 mm,1446 mm,2511 mm,1483 mm,1475 mm,904 mm,648 mm,215 mm,brak danych,brak danych,brak danych,brak danych,brak danych,brak danych,brak danych,brak danych,brak danych,brak danych,brak danych,brak danych,brak danych,brak danych,brak danych,brak danych,brak danych,brak danych,brak danych,brak danych,brak danych,brak danych,brak danych,brak danych,brak danych,brak danych,brak danych,brak danych,brak danych,brak danych,brak danych,brak danych,brak danych,brak danych,270 l,950 l,brak danych,brak danych,brak danych,brak danych,brak danych,brak danych,brak danych,brak danych,brak danych,brak danych,brak danych,brak danych,brak danych,brak danych,brak danych,brak danych,od 2016 do 2018 roku,875 cm³,benzynowy,105 KM (77 kW) przy 5500 obr/min,145 Nm przy 2000 obr/min,turbosprężarkowe,DOHC,2,rzędowy,8,10.0 : 1,80.5 × 86 mm,brak danych,wielopunktowy (MPI),brak danych,brak danych,brak danych,brak danych,brak danych,brak danych,brak danych,brak danych,brak danych,tarczowe wentylowane,tarczowe,brak danych,brak danych,brak danych,brak danych,brak danych,brak danych,kolumny McPhersona,belka skrętna,brak danych,manualna,6,na przednią oś,brak danych,brak danych,184 km/h,11.4 s,brak danych,brak danych,4.2 l/100km,3.8 l/100km,5.0 l/100km,45 l,1071 km,1184 km,900 km,99 g/km,Euro 6,1130 kg,brak danych,500 kg,brak danych,brak danych,brak danych,brak danych,brak danych,brak danych,""
Alfa Romeo MiTo Hatchback 3d Facelifting 2016 1.4 MPI 78KM 57kW 2016-2018,alfa romeo,mito,https://www.autocentrum.pl/dane-techniczne/alfa-romeo/mito/hatchback-3d-facelifting-2016/silnik-benzynowy-1.4-mpi-78km-2016-2018/,3,5,11.2 m,brak danych,4063 mm,1720 mm,1446 mm,2511 mm,1483 mm,1475 mm,904 mm,648 mm,215 mm,brak danych,brak danych,brak danych,brak danych,brak danych,brak danych,brak danych,brak danych,brak danych,brak danych,brak danych,brak danych,brak danych,brak danych,brak danych,brak danych,brak danych,brak danych,brak danych,brak danych,brak danych,brak danych,brak danych,brak danych,brak danych,brak danych,brak danych,brak danych,brak danych,brak danych,brak danych,brak danych,brak danych,brak danych,270 l,950 l,brak danych,brak danych,brak danych,brak danych,brak danych,brak danych,brak danych,brak danych,brak danych,brak danych,brak danych,brak danych,brak danych,brak danych,brak danych,brak danych,od 2016 do 2018 roku,1368 cm³,benzynowy,78 KM (57 kW) przy 6000 obr/min,115 Nm przy 3250 obr/min,brak danych,SOHC (OHC),4,rzędowy,8,11.0 : 1,72 × 84 mm,brak danych,wielopunktowy (MPI),brak danych,brak danych,brak danych,brak danych,brak danych,brak danych,brak danych,brak danych,brak danych,tarczowe wentylowane,tarczowe,brak danych,brak danych,brak danych,brak danych,brak danych,brak danych,kolumny McPhersona,belka skrętna,brak danych,manualna,5,na przednią oś,brak danych,brak danych,165 km/h,13.0 s,brak danych,brak danych,5.6 l/100km,4.6 l/100km,6.3 l/100km,45 l,804 km,978 km,714 km,130 g/km,Euro 6,1070 kg,brak danych,500 kg,brak danych,brak danych,brak danych,brak danych,brak danych,brak danych,""
Alfa Romeo MiTo Hatchback 3d Facelifting 2016 1.4 Turbo MultiAir 140KM 103kW 2016-2018,alfa romeo,mito,https://www.autocentrum.pl/dane-techniczne/alfa-romeo/mito/hatchback-3d-facelifting-2016/silnik-benzynowy-1.4-turbo-multiair-140km-2016-2018/,3,5,11.2 m,brak danych,4063 mm,1720 mm,1446 mm,2511 mm,1483 mm,1475 mm,904 mm,648 mm,215 mm,brak danych,brak danych,brak danych,brak danych,brak danych,brak danych,brak danych,brak danych,brak danych,brak danych,brak danych,brak danych,brak danych,brak danych,brak danych,brak danych,brak danych,brak danych,brak danych,brak danych,brak danych,brak danych,brak danych,brak danych,brak danych,brak danych,brak danych,brak danych,brak danych,brak danych,brak danych,brak danych,brak danych,brak danych,270 l,950 l,brak danych,brak danych,brak danych,brak danych,brak danych,brak danych,brak danych,brak danych,brak danych,brak danych,brak danych,brak danych,brak danych,brak danych,brak danych,brak danych,od 2016 do 2018 roku,1368 cm³,benzynowy,140 KM (103 kW) przy 5000 obr/min,250 Nm przy 2500 obr/min,turbosprężarkowe,DOHC,4,rzędowy,16,10.0 : 1,72 × 84 mm,brak danych,brak danych,brak danych,brak danych,brak danych,brak danych,brak danych,brak danych,brak danych,brak danych,brak danych,tarczowe wentylowane,tarczowe,brak danych,brak danych,brak danych,brak danych,brak danych,brak danych,kolumny McPhersona,belka skrętna,brak danych,automatyczna,"",na przednią oś,Alfa TCT,brak danych,209 km/h,8.1 s,brak danych,brak danych,5.4 l/100km,4.4 l/100km,7.0 l/100km,45 l,833 km,1023 km,643 km,124 g/km,Euro 6,1170 kg,brak danych,500 kg,brak danych,brak danych,brak danych,brak danych,brak danych,brak danych,brak danych
Alfa Romeo MiTo Hatchback 3d Facelifting 2016 1.4 Turbo MultiAir 170KM 125kW 2016-2018,alfa romeo,mito,https://www.autocentrum.pl/dane-techniczne/alfa-romeo/mito/hatchback-3d-facelifting-2016/silnik-benzynowy-1.4-turbo-multiair-170km-2016-2018/,3,5,11.2 m,brak danych,4063 mm,1720 mm,1446 mm,2511 mm,1483 mm,1475 mm,904 mm,648 mm,215 mm,brak danych,brak danych,brak danych,brak danych,brak danych,brak danych,brak danych,brak danych,brak danych,brak danych,brak danych,brak danych,brak danych,brak danych,brak danych,brak danych,brak danych,brak danych,brak danych,brak danych,brak danych,brak danych,brak danych,brak danych,brak danych,brak danych,brak danych,brak danych,brak danych,brak danych,brak danych,brak danych,brak danych,brak danych,270 l,950 l,brak danych,brak danych,brak danych,brak danych,brak danych,brak danych,brak danych,brak danych,brak danych,brak danych,brak danych,brak danych,brak danych,brak danych,brak danych,brak danych,od 2016 do 2018 roku,1368 cm³,benzynowy,170 KM (125 kW) przy 5500 obr/min,250 Nm przy 2500 obr/min,turbosprężarkowe,DOHC,4,rzędowy,16,10.0 : 1,72 × 84 mm,brak danych,brak danych,brak danych,brak danych,brak danych,brak danych,brak danych,brak danych,brak danych,brak danych,brak danych,tarczowe wentylowane,tarczowe,brak danych,brak danych,brak danych,brak danych,brak danych,brak danych,kolumny McPhersona,belka skrętna,brak danych,automatyczna,"",na przednią oś,Alfa TCT,brak danych,219 km/h,7.5 s,brak danych,brak danych,5.4 l/100km,4.4 l/100km,7.0 l/100km,45 l,833 km,1023 km,643 km,124 g/km,Euro 6,1170 kg,brak danych,500 kg,brak danych,brak danych,brak danych,brak danych,brak danych,brak danych,brak danych
Alfa Romeo MiTo Hatchback 3d Facelifting 2016 1.3 JTDM 95KM 70kW 2016-2018,alfa romeo,mito,https://www.autocentrum.pl/dane-techniczne/alfa-romeo/mito/hatchback-3d-facelifting-2016/silnik-diesla-1.3-jtdm-95km-2016-2018/,3,5,11.2 m,brak danych,4063 mm,1720 mm,1446 mm,2511 mm,1483 mm,1475 mm,904 mm,648 mm,215 mm,brak danych,brak danych,brak danych,brak danych,brak danych,brak danych,brak danych,brak danych,brak danych,brak danych,brak danych,brak danych,brak danych,brak danych,brak danych,brak danych,brak danych,brak danych,brak danych,brak danych,brak danych,brak danych,brak danych,brak danych,brak danych,brak danych,brak danych,brak danych,brak danych,brak danych,brak danych,brak danych,brak danych,brak danych,270 l,950 l,brak danych,brak danych,brak danych,brak danych,brak danych,brak danych,brak danych,brak danych,brak danych,brak danych,brak danych,brak danych,brak danych,brak danych,brak danych,brak danych,od 2016 do 2018 roku,1248 cm³,diesel,95 KM (70 kW) przy 3500 obr/min,200 Nm przy 1500 obr/min,turbosprężarkowe,SOHC (OHC),4,rzędowy,8,17.0 : 1,69.6 × 82 mm,brak danych,bezpośredni Common Rail,brak danych,brak danych,brak danych,brak danych,brak danych,brak danych,brak danych,brak danych,brak danych,tarczowe wentylowane,tarczowe,brak danych,brak danych,brak danych,brak danych,brak danych,brak danych,kolumny McPhersona,belka skrętna,brak danych,manualna,5,na przednią oś,brak danych,brak danych,174 km/h,12.9 s,brak danych,brak danych,3.5 l/100km,2.9 l/100km,4.4 l/100km,45 l,1286 km,1552 km,1023 km,90 g/km,Euro 6,1150 kg,brak danych,1000 kg,brak danych,brak danych,brak danych,brak danych,brak danych,brak danych,""
Alfa Romeo MiTo Hatchback 3d Facelifting 0.9 TwinAir 105KM 77kW 2013-2016,alfa romeo,mito,https://www.autocentrum.pl/dane-techniczne/alfa-romeo/mito/hatchback-3d-facelifting/silnik-benzynowy-0.9-twinair-105km-2013-2016/,3,5,brak danych,brak danych,4063 mm,1720 mm,1446 mm,2511 mm,1483 mm,1475 mm,904 mm,648 mm,brak danych,brak danych,brak danych,brak danych,brak danych,brak danych,brak danych,brak danych,brak danych,brak danych,brak danych,brak danych,brak danych,brak danych,brak danych,brak danych,brak danych,brak danych,brak danych,brak danych,brak danych,brak danych,brak danych,brak danych,brak danych,brak danych,brak danych,brak danych,brak danych,brak danych,brak danych,brak danych,brak danych,brak danych,brak danych,270 l,brak danych,brak danych,brak danych,brak danych,brak danych,brak danych,brak danych,brak danych,brak danych,brak danych,brak danych,brak danych,brak danych,brak danych,brak danych,brak danych,brak danych,od 2013 do 2016 roku,875 cm³,benzynowy,105 KM (77 kW) przy 5500 obr/min,145 Nm przy 2000 obr/min,turbosprężarkowe,SOHC (OHC),2,rzędowy,8,"",80.5 × 86 mm,brak danych,brak danych,"z przodu, poprzecznie",brak danych,brak danych,przekładnia zębatkowa ze wspomaganiem elektrycznym,195/55 R16,215/40 R18; 215/45 R17,brak danych,brak danych,4x98,tarczowe,tarczowe,257 mm,251 mm,brak danych,brak danych,brak danych,brak danych,kolumny McPhersona,belka skrętna,brak danych,manualna,6,na przednią oś,brak danych,brak danych,184 km/h,11.4 s,brak danych,brak danych,4.2 l/100km,3.8 l/100km,5.0 l/100km,45 l,1071 km,1184 km,900 km,99 g/km,Euro 6,1130 kg,brak danych,500 kg,brak danych,brak danych,63 Ah,brak danych,S&S,brak danych,""
Alfa Romeo MiTo Hatchback 3d Facelifting 1.4 MPI 70KM 51kW 2013-2016,alfa romeo,mito,https://www.autocentrum.pl/dane-techniczne/alfa-romeo/mito/hatchback-3d-facelifting/silnik-benzynowy-1.4-mpi-70km-2013-2016/,3,5,brak danych,brak danych,4063 mm,1720 mm,1446 mm,2511 mm,1483 mm,1475 mm,904 mm,648 mm,brak danych,brak danych,brak danych,brak danych,brak danych,brak danych,brak danych,brak danych,brak danych,brak danych,brak danych,brak danych,brak danych,brak danych,brak danych,brak danych,brak danych,brak danych,brak danych,brak danych,brak danych,brak danych,brak danych,brak danych,brak danych,brak danych,brak danych,brak danych,brak danych,brak danych,brak danych,brak danych,brak danych,brak danych,brak danych,270 l,brak danych,brak danych,brak danych,brak danych,brak danych,brak danych,brak danych,brak danych,brak danych,brak danych,brak danych,brak danych,brak danych,brak danych,brak danych,brak danych,brak danych,od 2013 do 2016 roku,1368 cm³,benzynowy,70 KM (51 kW) przy 6000 obr/min,115 Nm przy 3000 obr/min,brak danych,SOHC (OHC),4,rzędowy,8,11.0 : 1,72 × 84 mm,brak danych,wielopunktowy (MPI),"z przodu, poprzecznie",brak danych,brak danych,przekładnia zębatkowa ze wspomaganiem elektrycznym,185/65 R15,brak danych,brak danych,brak danych,brak danych,tarczowe,tarczowe,257 mm,251 mm,brak danych,brak danych,brak danych,brak danych,kolumny McPhersona,belka skrętna,brak danych,manualna,5,na przednią oś,brak danych,brak danych,160 km/h,14.0 s,brak danych,brak danych,5.8 l/100km,4.7 l/100km,7.6 l/100km,45 l,776 km,957 km,592 km,134 g/km,Euro 6,1065 kg,brak danych,500 kg,brak danych,brak danych,brak danych,brak danych,brak danych,brak danych,""
Alfa Romeo MiTo Hatchback 3d Facelifting 1.4 MPI 78KM 57kW 2013-2016,alfa romeo,mito,https://www.autocentrum.pl/dane-techniczne/alfa-romeo/mito/hatchback-3d-facelifting/silnik-benzynowy-1.4-mpi-78km-2013-2016/,3,5,brak danych,brak danych,4063 mm,1720 mm,1446 mm,2511 mm,1483 mm,1475 mm,904 mm,648 mm,brak danych,brak danych,brak danych,brak danych,brak danych,brak danych,brak danych,brak danych,brak danych,brak danych,brak danych,brak danych,brak danych,brak danych,brak danych,brak danych,brak danych,brak danych,brak danych,brak danych,brak danych,brak danych,brak danych,brak danych,brak danych,brak danych,brak danych,brak danych,brak danych,brak danych,brak danych,brak danych,brak danych,brak danych,brak danych,270 l,brak danych,brak danych,brak danych,brak danych,brak danych,brak danych,brak danych,brak danych,brak danych,brak danych,brak danych,brak danych,brak danych,brak danych,brak danych,brak danych,brak danych,od 2013 do 2016 roku,1368 cm³,benzynowy,78 KM (57 kW) przy 6000 obr/min,115 Nm przy 3250 obr/min,brak danych,SOHC (OHC),4,rzędowy,8,11.0 : 1,72 × 84 mm,brak danych,wielopunktowy (MPI),"z przodu, poprzecznie",brak danych,brak danych,przekładnia zębatkowa ze wspomaganiem elektrycznym,195/55 R16,215/40 R18; 215/45 R17,brak danych,brak danych,4x98,tarczowe,tarczowe,257 mm,251 mm,brak danych,brak danych,brak danych,brak danych,kolumny McPhersona,belka skrętna,brak danych,manualna,5,na przednią oś,brak danych,brak danych,165 km/h,13.0 s,brak danych,brak danych,5.6 l/100km,4.6 l/100km,7.3 l/100km,45 l,804 km,978 km,616 km,130 g/km,Euro 6,1070 kg,brak danych,500 kg,brak danych,brak danych,brak danych,brak danych,brak danych,brak danych,""
Alfa Romeo MiTo Hatchback 3d Facelifting 1.4 TB MultiAir 135KM 99kW 2013-2016,alfa romeo,mito,https://www.autocentrum.pl/dane-techniczne/alfa-romeo/mito/hatchback-3d-facelifting/silnik-benzynowy-1.4-tb-multiair-135km-2013-2016/,3,5,brak danych,brak danych,4063 mm,1720 mm,1446 mm,2511 mm,1483 mm,1475 mm,904 mm,648 mm,brak danych,brak danych,brak danych,brak danych,brak danych,brak danych,brak danych,brak danych,brak danych,brak danych,brak danych,brak danych,brak danych,brak danych,brak danych,brak danych,brak danych,brak danych,brak danych,brak danych,brak danych,brak danych,brak danych,brak danych,brak danych,brak danych,brak danych,brak danych,brak danych,brak danych,brak danych,brak danych,brak danych,brak danych,brak danych,270 l,brak danych,brak danych,brak danych,brak danych,brak danych,brak danych,brak danych,brak danych,brak danych,brak danych,brak danych,brak danych,brak danych,brak danych,brak danych,brak danych,brak danych,od 2013 do 2016 roku,1368 cm³,benzynowy,135 KM (99 kW) przy 5000 obr/min,180 Nm przy 4250 obr/min,turbosprężarkowe,DOHC,4,rzędowy,16,10.0 : 1,72 × 84 mm,brak danych,brak danych,"z przodu, poprzecznie",brak danych,brak danych,przekładnia zębatkowa ze wspomaganiem elektrycznym,195/55 R16,brak danych,brak danych,brak danych,brak danych,tarczowe,tarczowe,281 mm,251 mm,brak danych,brak danych,brak danych,brak danych,kolumny McPhersona,belka skrętna,brak danych,automatyczna,5,na przednią oś,TCT,brak danych,207 km/h,8.2 s,brak danych,brak danych,5.5 l/100km,4.5 l/100km,7.1 l/100km,45 l,818 km,1000 km,634 km,126 g/km,Euro 5,1170 kg,brak danych,500 kg,brak danych,brak danych,63 Ah,brak danych,S&S,brak danych,6
Alfa Romeo MiTo Hatchback 3d Facelifting 1.4 TB MultiAir 140KM 103kW 2014-2016,alfa romeo,mito,https://www.autocentrum.pl/dane-techniczne/alfa-romeo/mito/hatchback-3d-facelifting/silnik-benzynowy-1.4-tb-multiair-140km-2014-2016/,3,5,brak danych,brak danych,4063 mm,1720 mm,1446 mm,2511 mm,1483 mm,1475 mm,904 mm,648 mm,brak danych,brak danych,brak danych,brak danych,brak danych,brak danych,brak danych,brak danych,brak danych,brak danych,brak danych,brak danych,brak danych,brak danych,brak danych,brak danych,brak danych,brak danych,brak danych,brak danych,brak danych,brak danych,brak danych,brak danych,brak danych,brak danych,brak danych,brak danych,brak danych,brak danych,brak danych,brak danych,brak danych,brak danych,brak danych,270 l,brak danych,brak danych,brak danych,brak danych,brak danych,brak danych,brak danych,brak danych,brak danych,brak danych,brak danych,brak danych,brak danych,brak danych,brak danych,brak danych,brak danych,od 2014 do 2016 roku,1368 cm³,benzynowy,140 KM (103 kW) przy 5000 obr/min,230 Nm przy 2500 obr/min,turbosprężarkowe,DOHC,4,rzędowy,16,10.0 : 1,72 × 84 mm,brak danych,bezpośredni,"z przodu, poprzecznie",brak danych,brak danych,przekładnia zębatkowa ze wspomaganiem elektrycznym,195/55 R16,215/40 R18; 215/45 R17,brak danych,brak danych,4x98,tarczowe wentylowane,tarczowe,281 mm,251 mm,brak danych,brak danych,brak danych,brak danych,kolumny McPhersona,belka skrętna,brak danych,automatyczna,"",na przednią oś,TCT,brak danych,209 km/h,8.1 s,brak danych,brak danych,5.4 l/100km,4.4 l/100km,7.0 l/100km,45 l,833 km,1023 km,643 km,124 g/km,Euro 6,1170 kg,brak danych,brak danych,500 kg,brak danych,630 Ah,brak danych,Start&Stop,brak danych,6
Alfa Romeo MiTo Hatchback 3d Facelifting 1.4 TB MultiAir 170KM 125kW 2013-2016,alfa romeo,mito,https://www.autocentrum.pl/dane-techniczne/alfa-romeo/mito/hatchback-3d-facelifting/silnik-benzynowy-1.4-tb-multiair-170km-2013-2016/,3,5,brak danych,brak danych,4063 mm,1720 mm,1446 mm,2511 mm,1483 mm,1475 mm,904 mm,648 mm,brak danych,brak danych,brak danych,brak danych,brak danych,brak danych,brak danych,brak danych,brak danych,brak danych,brak danych,brak danych,brak danych,brak danych,brak danych,brak danych,brak danych,brak danych,brak danych,brak danych,brak danych,brak danych,brak danych,brak danych,brak danych,brak danych,brak danych,brak danych,brak danych,brak danych,brak danych,brak danych,brak danych,brak danych,brak danych,270 l,brak danych,brak danych,brak danych,brak danych,brak danych,brak danych,brak danych,brak danych,brak danych,brak danych,brak danych,brak danych,brak danych,brak danych,brak danych,brak danych,brak danych,od 2013 do 2016 roku,1368 cm³,benzynowy,170 KM (125 kW) przy 5500 obr/min,230 Nm przy 2500 obr/min,turbosprężarkowe,DOHC,4,rzędowy,16,10.0 : 1,72 × 84 mm,brak danych,brak danych,"z przodu, poprzecznie",brak danych,brak danych,przekładnia zębatkowa ze wspomaganiem elektrycznym,215/45 R17,215/40 R18,brak danych,brak danych,4x98,tarczowe wentylowane,tarczowe,305 mm,251 mm,brak danych,brak danych,brak danych,brak danych,kolumny McPhersona,belka skrętna,brak danych,automatyczna,6,na przednią oś,TCT,brak danych,219 km/h,7.5 s,brak danych,brak danych,5.4 l/100km,4.4 l/100km,7.0 l/100km,45 l,833 km,1023 km,643 km,124 g/km,Euro 6,1145 kg,brak danych,500 kg,brak danych,brak danych,63 Ah,brak danych,S&S,brak danych,6
Alfa Romeo MiTo Hatchback 3d Facelifting 1.3 JTDM 85KM 63kW 2013-2016,alfa romeo,mito,https://www.autocentrum.pl/dane-techniczne/alfa-romeo/mito/hatchback-3d-facelifting/silnik-diesla-1.3-jtdm-85km-2013-2016/,3,5,brak danych,brak danych,4063 mm,1720 mm,1446 mm,2511 mm,1483 mm,1475 mm,904 mm,648 mm,brak danych,brak danych,brak danych,brak danych,brak danych,brak danych,brak danych,brak danych,brak danych,brak danych,brak danych,brak danych,brak danych,brak danych,brak danych,brak danych,brak danych,brak danych,brak danych,brak danych,brak danych,brak danych,brak danych,brak danych,brak danych,brak danych,brak danych,brak danych,brak danych,brak danych,brak danych,brak danych,brak danych,brak danych,brak danych,270 l,brak danych,brak danych,brak danych,brak danych,brak danych,brak danych,brak danych,brak danych,brak danych,brak danych,brak danych,brak danych,brak danych,brak danych,brak danych,brak danych,brak danych,od 2013 do 2016 roku,1248 cm³,diesel,85 KM (63 kW) przy 3500 obr/min,200 Nm przy 1500 obr/min,turbosprężarkowe,DOHC,4,rzędowy,16,17.0 : 1,69.6 × 82 mm,brak danych,bezpośredni Common Rail,"z przodu, poprzecznie",brak danych,brak danych,przekładnia zębatkowa ze wspomaganiem elektrycznym,185/65 R15,brak danych,brak danych,brak danych,brak danych,tarczowe,tarczowe,281 mm,251 mm,brak danych,brak danych,brak danych,brak danych,kolumny McPhersona,belka skrętna,brak danych,manualna,5,na przednią oś,brak danych,brak danych,174 km/h,12.9 s,brak danych,brak danych,3.5 l/100km,2.9 l/100km,4.4 l/100km,45 l,1286 km,1552 km,1023 km,90 g/km,Euro 5,1150 kg,brak danych,1000 kg,brak danych,brak danych,63 Ah,brak danych,brak danych,brak danych,""
Alfa Romeo MiTo Hatchback 3d 0.9 TwinAir 85KM 63kW 2012-2013,alfa romeo,mito,https://www.autocentrum.pl/dane-techniczne/alfa-romeo/mito/hatchback-3d/silnik-benzynowy-0.9-twinair-85km-2012-2013/,3,4,11.0 m,5.5 m,4063 mm,1720 mm,1446 mm,2511 mm,1483 mm,1475 mm,904 mm,648 mm,105 mm,brak danych,brak danych,brak danych,brak danych,brak danych,brak danych,brak danych,brak danych,brak danych,brak danych,brak danych,brak danych,brak danych,brak danych,brak danych,brak danych,brak danych,brak danych,brak danych,brak danych,brak danych,brak danych,brak danych,brak danych,brak danych,brak danych,brak danych,brak danych,brak danych,brak danych,brak danych,brak danych,brak danych,brak danych,270 l,950 l,brak danych,brak danych,brak danych,brak danych,brak danych,brak danych,brak danych,brak danych,brak danych,brak danych,brak danych,brak danych,brak danych,brak danych,brak danych,brak danych,od 2012 do 2013 roku,875 cm³,benzynowy,85 KM (63 kW) przy 5500 obr/min,110 Nm przy 2500 obr/min,brak danych,brak danych,2,brak danych,brak danych,"",72 × 84 mm,brak danych,brak danych,brak danych,brak danych,brak danych,przekładnia zębatkowa ze wspomaganiem elektrycznym,185/65 R15,195/55 R16; 215/40 R18; 215/45 R17,brak danych,brak danych,4x98,tarczowe,tarczowe,257 mm,251 mm,brak danych,brak danych,brak danych,brak danych,typu McPherson,belka skrętna,brak danych,manualna,6,na przednią oś,brak danych,brak danych,174 km/h,12.5 s,brak danych,brak danych,4.2 l/100km,brak danych,brak danych,45 l,1071 km,"","",98 g/km,Euro 5,1130 kg,brak danych,brak danych,brak danych,brak danych,63 Ah,brak danych,Start&Stop,brak danych,""
Alfa Romeo MiTo Hatchback 3d 1.4 16v 78KM 57kW 2008-2013,alfa romeo,mito,https://www.autocentrum.pl/dane-techniczne/alfa-romeo/mito/hatchback-3d/silnik-benzynowy-1.4-16v-78km-2008-2013/,3,4,11.0 m,5.5 m,4063 mm,1720 mm,1446 mm,2511 mm,1483 mm,1475 mm,904 mm,648 mm,105 mm,brak danych,brak danych,brak danych,brak danych,brak danych,brak danych,brak danych,brak danych,brak danych,brak danych,brak danych,brak danych,brak danych,brak danych,brak danych,brak danych,brak danych,brak danych,brak danych,brak danych,brak danych,brak danych,brak danych,brak danych,brak danych,brak danych,brak danych,brak danych,brak danych,brak danych,brak danych,brak danych,brak danych,brak danych,270 l,950 l,brak danych,brak danych,brak danych,brak danych,brak danych,brak danych,brak danych,brak danych,brak danych,brak danych,brak danych,brak danych,brak danych,brak danych,brak danych,brak danych,od 2008 do 2013 roku,1368 cm³,benzynowy,78 KM (57 kW) przy 5750 obr/min,120 Nm przy 4000 obr/min,brak danych,DOHC,4,rzędowy,16,11.0 : 1,72 × 84 mm,iskrowy,wielopunktowy (MPI),"z przodu, poprzecznie",brak danych,brak danych,przekładnia zębatkowa ze wspomaganiem elektrycznym,185/65 R15,195/55 R16; 215/40 R18; 215/45 R17,brak danych,brak danych,4x98,tarczowe,tarczowe,257 mm,251 mm,brak danych,brak danych,brak danych,brak danych,kolumny McPhersona,belka skrętna,brak danych,manualna,6,na przednią oś,brak danych,brak danych,165 km/h,12.3 s,brak danych,brak danych,5.9 l/100km,4.8 l/100km,7.7 l/100km,45 l,763 km,937 km,584 km,138 g/km,Euro 5,1080 kg,brak danych,brak danych,500 kg,brak danych,50 Ah,brak danych,brak danych,brak danych,""
Alfa Romeo MiTo Hatchback 3d 1.4 8v 70KM 51kW 2011-2013,alfa romeo,mito,https://www.autocentrum.pl/dane-techniczne/alfa-romeo/mito/hatchback-3d/silnik-benzynowy-1.4-8v-70km-2011-2013/,3,4,11.0 m,5.5 m,4063 mm,1720 mm,1446 mm,2511 mm,1483 mm,1475 mm,904 mm,648 mm,105 mm,brak danych,brak danych,brak danych,brak danych,brak danych,brak danych,brak danych,brak danych,brak danych,brak danych,brak danych,brak danych,brak danych,brak danych,brak danych,brak danych,brak danych,brak danych,brak danych,brak danych,brak danych,brak danych,brak danych,brak danych,brak danych,brak danych,brak danych,brak danych,brak danych,brak danych,brak danych,brak danych,brak danych,brak danych,270 l,950 l,brak danych,brak danych,brak danych,brak danych,brak danych,brak danych,brak danych,brak danych,brak danych,brak danych,brak danych,brak danych,brak danych,brak danych,brak danych,brak danych,od 2011 do 2013 roku,1368 cm³,benzynowy,70 KM (51 kW) przy 6000 obr/min,115 Nm przy 3000 obr/min,brak danych,SOHC (OHC),4,rzędowy,8,11.0 : 1,72 × 84 mm,brak danych,wielopunktowy (MPI),"z przodu, poprzecznie",brak danych,brak danych,przekładnia zębatkowa ze wspomaganiem elektrycznym,185/65 R15,195/55 R16; 215/40 R18; 215/45 R17,brak danych,brak danych,4x98,tarczowe,tarczowe,257 mm,251 mm,brak danych,brak danych,brak danych,brak danych,kolumny McPhersona,belka skrętna,brak danych,manualna,brak danych,na przednią oś,brak danych,brak danych,160 km/h,14.0 s,brak danych,brak danych,5.8 l/100km,4.7 l/100km,7.6 l/100km,45 l,776 km,957 km,592 km,134 g/km,Euro 5,1065 kg,brak danych,brak danych,brak danych,brak danych,brak danych,brak danych,brak danych,brak danych,""
Alfa Romeo MiTo Hatchback 3d 1.4 8v S&S Q2 78KM 57kW 2011-2013,alfa romeo,mito,https://www.autocentrum.pl/dane-techniczne/alfa-romeo/mito/hatchback-3d/silnik-benzynowy-1.4-8v-ss-q2-78km-2011-2013/,3,4,11.0 m,5.5 m,4063 mm,1720 mm,1446 mm,2511 mm,1483 mm,1475 mm,904 mm,648 mm,105 mm,brak danych,brak danych,brak danych,brak danych,brak danych,brak danych,brak danych,brak danych,brak danych,brak danych,brak danych,brak danych,brak danych,brak danych,brak danych,brak danych,brak danych,brak danych,brak danych,brak danych,brak danych,brak danych,brak danych,brak danych,brak danych,brak danych,brak danych,brak danych,brak danych,brak danych,brak danych,brak danych,brak danych,brak danych,270 l,950 l,brak danych,brak danych,brak danych,brak danych,brak danych,brak danych,brak danych,brak danych,brak danych,brak danych,brak danych,brak danych,brak danych,brak danych,brak danych,brak danych,od 2011 do 2013 roku,1446 cm³,benzynowy,78 KM (57 kW) przy 6000 obr/min,115 Nm przy 3250 obr/min,brak danych,SOHC (OHC),4,rzędowy,8,11.0 : 1,72 × 84 mm,brak danych,wielopunktowy (MPI),"z przodu, poprzecznie",brak danych,brak danych,przekładnia zębatkowa ze wspomaganiem elektrycznym,185/65 R15,195/55 R16; 215/40 R18; 215/45 R17,brak danych,brak danych,4x98,tarczowe,tarczowe,257 mm,251 mm,brak danych,brak danych,brak danych,brak danych,kolumny McPhersona,belka skrętna,brak danych,manualna,5,na przednią oś,brak danych,brak danych,165 km/h,13.0 s,brak danych,brak danych,5.6 l/100km,4.6 l/100km,7.3 l/100km,45 l,804 km,978 km,616 km,130 g/km,Euro 5,1070 kg,brak danych,brak danych,brak danych,brak danych,brak danych,brak danych,S&S,brak danych,""
Alfa Romeo MiTo Hatchback 3d 1.4 MultiAir 16v 105KM 77kW 2010-2013,alfa romeo,mito,https://www.autocentrum.pl/dane-techniczne/alfa-romeo/mito/hatchback-3d/silnik-benzynowy-1.4-multiair-16v-105km-2010-2013/,3,4,11.0 m,5.5 m,4063 mm,1720 mm,1446 mm,2511 mm,1483 mm,1475 mm,904 mm,648 mm,105 mm,brak danych,brak danych,brak danych,brak danych,brak danych,brak danych,brak danych,brak danych,brak danych,brak danych,brak danych,brak danych,brak danych,brak danych,brak danych,brak danych,brak danych,brak danych,brak danych,brak danych,brak danych,brak danych,brak danych,brak danych,brak danych,brak danych,brak danych,brak danych,brak danych,brak danych,brak danych,brak danych,brak danych,brak danych,270 l,950 l,brak danych,brak danych,brak danych,brak danych,brak danych,brak danych,brak danych,brak danych,brak danych,brak danych,brak danych,brak danych,brak danych,brak danych,brak danych,brak danych,od 2010 do 2013 roku,1368 cm³,benzynowy,105 KM (77 kW) przy 6500 obr/min,130 Nm przy 4000 obr/min,brak danych,brak danych,4,brak danych,brak danych,11.0 : 1,72 × 84 mm,brak danych,brak danych,brak danych,brak danych,brak danych,przekładnia zębatkowa ze wspomaganiem elektrycznym,185/65 R15,195/55 R16; 215/40 R18; 215/45 R17,brak danych,brak danych,4x98,tarczowe,tarczowe,257 mm,251 mm,brak danych,brak danych,brak danych,brak danych,kolumny McPhersona,belka skrętna,brak danych,manualna,6,na przednią oś,brak danych,brak danych,187 km/h,10.7 s,brak danych,brak danych,5.7 l/100km,4.7 l/100km,7.5 l/100km,45 l,789 km,957 km,600 km,134 g/km,Euro 5,1090 kg,brak danych,brak danych,500 kg,brak danych,63 Ah,brak danych,brak danych,brak danych,""
Alfa Romeo MiTo Hatchback 3d 1.4 TB 16v 155KM 114kW 2008-2013,alfa romeo,mito,https://www.autocentrum.pl/dane-techniczne/alfa-romeo/mito/hatchback-3d/silnik-benzynowy-1.4-tb-16v-155km-2008-2013/,3,4,11.0 m,5.5 m,4063 mm,1720 mm,1446 mm,2511 mm,1483 mm,1475 mm,904 mm,648 mm,105 mm,brak danych,brak danych,brak danych,brak danych,brak danych,brak danych,brak danych,brak danych,brak danych,brak danych,brak danych,brak danych,brak danych,brak danych,brak danych,brak danych,brak danych,brak danych,brak danych,brak danych,brak danych,brak danych,brak danych,brak danych,brak danych,brak danych,brak danych,brak danych,brak danych,brak danych,brak danych,brak danych,brak danych,brak danych,270 l,950 l,brak danych,brak danych,brak danych,brak danych,brak danych,brak danych,brak danych,brak danych,brak danych,brak danych,brak danych,brak danych,brak danych,brak danych,brak danych,brak danych,od 2008 do 2013 roku,1368 cm³,benzynowy,155 KM (114 kW) przy 5500 obr/min,201 Nm przy 5000 obr/min,turbosprężarkowe,DOHC,4,rzędowy,16,10.0 : 1,72 × 84 mm,iskrowy,wielopunktowy (MPI),brak danych,brak danych,brak danych,przekładnia zębatkowa ze wspomaganiem elektrycznym,195/55 R16,215/40 R18; 215/45 R17,brak danych,brak danych,4x98,tarczowe wentylowane,tarczowe,305 mm,251 mm,brak danych,brak danych,brak danych,brak danych,kolumny McPhersona,belka skrętna,brak danych,manualna,6,na przednią oś,brak danych,brak danych,215 km/h,8.0 s,brak danych,brak danych,6.5 l/100km,5.3 l/100km,8.5 l/100km,45 l,692 km,849 km,529 km,153 g/km,Euro 5,1145 kg,brak danych,brak danych,500 kg,brak danych,50 Ah,brak danych,brak danych,brak danych,""
Alfa Romeo MiTo Hatchback 3d 1.4 TB LPG 120KM 88kW 2012,alfa romeo,mito,https://www.autocentrum.pl/dane-techniczne/alfa-romeo/mito/hatchback-3d/silnik-benzynowy-1.4-tb-lpg-120km-2012/,3,4,11.0 m,5.5 m,4063 mm,1720 mm,1446 mm,2511 mm,1483 mm,1475 mm,904 mm,648 mm,105 mm,brak danych,brak danych,brak danych,brak danych,brak danych,brak danych,brak danych,brak danych,brak danych,brak danych,brak danych,brak danych,brak danych,brak danych,brak danych,brak danych,brak danych,brak danych,brak danych,brak danych,brak danych,brak danych,brak danych,brak danych,brak danych,brak danych,brak danych,brak danych,brak danych,brak danych,brak danych,brak danych,brak danych,brak danych,270 l,950 l,brak danych,brak danych,brak danych,brak danych,brak danych,brak danych,brak danych,brak danych,brak danych,brak danych,brak danych,brak danych,brak danych,brak danych,brak danych,brak danych,w 2012 roku,1368 cm³,benzynowy z lpg,120 KM (88 kW) przy 5000 obr/min,206 Nm przy 1750 obr/min,brak danych,brak danych,4,rzędowy,brak danych,"",72 × 84 mm,brak danych,brak danych,brak danych,brak danych,brak danych,przekładnia zębatkowa ze wspomaganiem elektrycznym,195/55 R16,215/40 R18; 215/45 R17,brak danych,brak danych,4x98,tarczowe,tarczowe,281 mm,251 mm,brak danych,brak danych,brak danych,brak danych,typu McPherson,belka skrętna,brak danych,manualna,5,na przednią oś,brak danych,brak danych,198 km/h,8.8 s,brak danych,brak danych,8.1 l/100km,brak danych,brak danych,45 l,556 km,"","",131 g/km,Euro 5,1145 kg,brak danych,brak danych,brak danych,brak danych,63 Ah,brak danych,brak danych,brak danych,""
Alfa Romeo MiTo Hatchback 3d 1.4 TB MultiAir 16v 135KM 99kW 2010-2013,alfa romeo,mito,https://www.autocentrum.pl/dane-techniczne/alfa-romeo/mito/hatchback-3d/silnik-benzynowy-1.4-tb-multiair-16v-135km-2010-2013/,3,4,11.0 m,5.5 m,4063 mm,1720 mm,1446 mm,2511 mm,1483 mm,1475 mm,904 mm,648 mm,105 mm,brak danych,brak danych,brak danych,brak danych,brak danych,brak danych,brak danych,brak danych,brak danych,brak danych,brak danych,brak danych,brak danych,brak danych,brak danych,brak danych,brak danych,brak danych,brak danych,brak danych,brak danych,brak danych,brak danych,brak danych,brak danych,brak danych,brak danych,brak danych,brak danych,brak danych,brak danych,brak danych,brak danych,brak danych,270 l,950 l,brak danych,brak danych,brak danych,brak danych,brak danych,brak danych,brak danych,brak danych,brak danych,brak danych,brak danych,brak danych,brak danych,brak danych,brak danych,brak danych,od 2010 do 2013 roku,1368 cm³,benzynowy,135 KM (99 kW) przy 5000 obr/min,180 Nm przy 1750 obr/min,brak danych,brak danych,4,brak danych,brak danych,10.0 : 1,72 × 84 mm,brak danych,brak danych,brak danych,brak danych,brak danych,przekładnia zębatkowa ze wspomaganiem elektrycznym,185/65 R15,195/55 R16; 215/40 R18; 215/45 R17,brak danych,brak danych,4x98,tarczowe,tarczowe,281 mm,251 mm,brak danych,brak danych,brak danych,brak danych,kolumny McPhersona,belka skrętna,brak danych,automatyczna,5,"",brak danych,brak danych,brak danych,brak danych,brak danych,brak danych,brak danych,brak danych,brak danych,45 l,804 km,1000 km,608 km,brak danych,brak danych,brak danych,brak danych,brak danych,brak danych,brak danych,brak danych,brak danych,brak danych,brak danych,brak danych
Alfa Romeo MiTo Hatchback 3d 1.4 TB MultiAir 16v 170KM 125kW 2010-2013,alfa romeo,mito,https://www.autocentrum.pl/dane-techniczne/alfa-romeo/mito/hatchback-3d/silnik-benzynowy-1.4-tb-multiair-16v-170km-2010-2013/,3,4,11.0 m,5.5 m,4063 mm,1720 mm,1446 mm,2511 mm,1483 mm,1475 mm,904 mm,648 mm,105 mm,brak danych,brak danych,brak danych,brak danych,brak danych,brak danych,brak danych,brak danych,brak danych,brak danych,brak danych,brak danych,brak danych,brak danych,brak danych,brak danych,brak danych,brak danych,brak danych,brak danych,brak danych,brak danych,brak danych,brak danych,brak danych,brak danych,brak danych,brak danych,brak danych,brak danych,brak danych,brak danych,brak danych,brak danych,270 l,950 l,brak danych,brak danych,brak danych,brak danych,brak danych,brak danych,brak danych,brak danych,brak danych,brak danych,brak danych,brak danych,brak danych,brak danych,brak danych,brak danych,od 2010 do 2013 roku,1368 cm³,benzynowy,170 KM (125 kW) przy 5500 obr/min,250 Nm przy 2500 obr/min,brak danych,brak danych,4,brak danych,brak danych,10.0 : 1,72 × 84 mm,brak danych,brak danych,brak danych,brak danych,brak danych,przekładnia zębatkowa ze wspomaganiem elektrycznym,195/55 R16,215/40 R18; 215/45 R17,brak danych,brak danych,4x98,tarczowe,tarczowe,305 mm,251 mm,brak danych,brak danych,brak danych,brak danych,kolumny McPhersona,belka skrętna,brak danych,manualna,6,"",brak danych,brak danych,219 km/h,7.5 s,brak danych,brak danych,6.0 l/100km,4.8 l/100km,8.1 l/100km,45 l,750 km,937 km,556 km,139 g/km,Euro 5,1145 kg,brak danych,brak danych,500 kg,brak danych,63 Ah,brak danych,brak danych,brak danych,""
Alfa Romeo MiTo Hatchback 3d 1.3 JTDM-2 95KM 70kW 2009-2013,alfa romeo,mito,https://www.autocentrum.pl/dane-techniczne/alfa-romeo/mito/hatchback-3d/silnik-diesla-1.3-jtdm-2-95km-2009-2013/,3,4,11.0 m,5.5 m,4063 mm,1720 mm,1446 mm,2511 mm,1483 mm,1475 mm,904 mm,648 mm,105 mm,brak danych,brak danych,brak danych,brak danych,brak danych,brak danych,brak danych,brak danych,brak danych,brak danych,brak danych,brak danych,brak danych,brak danych,brak danych,brak danych,brak danych,brak danych,brak danych,brak danych,brak danych,brak danych,brak danych,brak danych,brak danych,brak danych,brak danych,brak danych,brak danych,brak danych,brak danych,brak danych,brak danych,brak danych,270 l,950 l,brak danych,brak danych,brak danych,brak danych,brak danych,brak danych,brak danych,brak danych,brak danych,brak danych,brak danych,brak danych,brak danych,brak danych,brak danych,brak danych,od 2009 do 2013 roku,1248 cm³,diesel,95 KM (70 kW) przy 4000 obr/min,180 Nm przy 1500 obr/min,brak danych,brak danych,4,brak danych,brak danych,17.0 : 1,69.6 × 82 mm,brak danych,brak danych,brak danych,brak danych,brak danych,przekładnia zębatkowa ze wspomaganiem elektrycznym,185/65 R15,195/55 R16; 215/40 R18; 215/45 R17,brak danych,brak danych,4x98,tarczowe,tarczowe,281 mm,251 mm,brak danych,brak danych,brak danych,brak danych,kolumny McPhersona,belka skrętna,brak danych,manualna,5,na przednią oś,brak danych,brak danych,180 km/h,11.6 s,brak danych,brak danych,4.3 l/100km,3.6 l/100km,5.5 l/100km,45 l,1047 km,1250 km,818 km,112 g/km,Euro 5,1150 kg,brak danych,brak danych,1000 kg,brak danych,63 Ah,brak danych,brak danych,brak danych,""
Alfa Romeo MiTo Hatchback 3d 1.6 JTDM 120KM 88kW 2008-2013,alfa romeo,mito,https://www.autocentrum.pl/dane-techniczne/alfa-romeo/mito/hatchback-3d/silnik-diesla-1.6-jtdm-120km-2008-2013/,3,4,11.0 m,5.5 m,4063 mm,1720 mm,1446 mm,2511 mm,1483 mm,1475 mm,904 mm,648 mm,105 mm,brak danych,brak danych,brak danych,brak danych,brak danych,brak danych,brak danych,brak danych,brak danych,brak danych,brak danych,brak danych,brak danych,brak danych,brak danych,brak danych,brak danych,brak danych,brak danych,brak danych,brak danych,brak danych,brak danych,brak danych,brak danych,brak danych,brak danych,brak danych,brak danych,brak danych,brak danych,brak danych,brak danych,brak danych,270 l,950 l,brak danych,brak danych,brak danych,brak danych,brak danych,brak danych,brak danych,brak danych,brak danych,brak danych,brak danych,brak danych,brak danych,brak danych,brak danych,brak danych,od 2008 do 2013 roku,1598 cm³,diesel,120 KM (88 kW) przy 3750 obr/min,320 Nm przy 1750 obr/min,brak danych,DOHC,4,rzędowy,16,17.0 : 1,79.5 × 80.5 mm,brak danych,brak danych,"z przodu, poprzecznie",brak danych,brak danych,przekładnia zębatkowa ze wspomaganiem elektrycznym,185/65 R15,195/55 R16; 215/40 R18; 215/45 R17,brak danych,brak danych,4x98,tarczowe,tarczowe,281 mm,251 mm,brak danych,brak danych,brak danych,brak danych,kolumny McPhersona,belka skrętna,brak danych,manualna,6,na przednią oś,brak danych,brak danych,198 km/h,9.9 s,brak danych,brak danych,4.8 l/100km,4.1 l/100km,5.9 l/100km,45 l,937 km,1098 km,763 km,126 g/km,Euro 5,1205 kg,brak danych,brak danych,1000 kg,brak danych,60 Ah,brak danych,brak danych,brak danych,""
Alfa Romeo Spider I 1.3 87KM 64kW 1968-1969,alfa romeo,spider,https://www.autocentrum.pl/dane-techniczne/alfa-romeo/spider/i/silnik-benzynowy-1.3-87km-1968-1969/,2,"","","",5250 mm,1630 mm,1260 mm,2250 mm,1310 mm,1270 mm,935 mm,1065 mm,"","","","","","","","","","","","","","","","","","","","","","","","","","","","","","","","","","","","","","","","","","","","","","","","","","","","","",od 1968 do 1969 roku,1290 cm³,benzynowy,87 KM (64 kW),108 Nm,"","",4,rzędowy,"","","","","","","","","","","","","","","","","","","","","","","","","","","","","","","","","","","","","","","","","","","","","","","","","","","","",""
Alfa Romeo Spider I 1.6 109KM 80kW 1966-1967,alfa romeo,spider,https://www.autocentrum.pl/dane-techniczne/alfa-romeo/spider/i/silnik-benzynowy-1.6-109km-1966-1967/,2,"","","",5250 mm,1630 mm,1260 mm,2250 mm,1310 mm,1270 mm,935 mm,1065 mm,"","","","","","","","","","","","","","","","","","","","","","","","","","","","","","","","","","","","","","","","","","","","","","","","","","","","","",od 1966 do 1967 roku,1570 cm³,benzynowy,109 KM (80 kW) przy 6000 obr/min,139 Nm przy 6000 obr/min,"",SOHC (OHC),4,rzędowy,8,9.0 : 1,78 × 82 mm,"",gaźnik,"z przodu, podłużnie","","","","","","","","",tarczowe,tarczowe,"","","","","","","","","",manualna,5,na tylną oś,"","",185 km/h,11.3 s,"","","","","","","","","","","",996 kg,"","","","","","","","",""
Alfa Romeo Spider I 1.75 124KM 91kW 1967-1969,alfa romeo,spider,https://www.autocentrum.pl/dane-techniczne/alfa-romeo/spider/i/silnik-benzynowy-1.75-124km-1967-1969/,2,"","","",5250 mm,1630 mm,1260 mm,2250 mm,1310 mm,1270 mm,935 mm,1065 mm,"","","","","","","","","","","","","","","","","","","","","","","","","","","","","","","","","","","","","","","","","","","","","","","","","","","","","",od 1967 do 1969 roku,1779 cm³,benzynowy,124 KM (91 kW) przy 5500 obr/min,186 Nm przy 5500 obr/min,"",SOHC (OHC),4,rzędowy,8,9.0 : 1,80 × 88.5 mm,"",gaźnik,"z przodu, podłużnie","","","","","","","","",tarczowe,tarczowe,"","","","","","","","","",manualna,5,na tylną oś,"","",183 km/h,9.9 s,"","","","","","","","","","","",1038 kg,"","","","","","","","",""
Alfa Romeo Spider II 1.3 104KM 76kW 1970-1973,alfa romeo,spider,https://www.autocentrum.pl/dane-techniczne/alfa-romeo/spider/ii/silnik-benzynowy-1.3-104km-1970-1973/,2,2,"","",4120 mm,1630 mm,1290 mm,2250 mm,1324 mm,1274 mm,935 mm,935 mm,"","","","","","","","","","","","","","","","","","","","","","","","","","","","","","","","","","","",300 l,500 l,"","","","","","","","","","","","","","","","",od 1970 do 1973 roku,1290 cm³,benzynowy,104 KM (76 kW) przy 6000 obr/min,137 Nm przy 6000 obr/min,"",SOHC (OHC),4,rzędowy,8,9.0 : 1,78 × 67.5 mm,"",gaźnik,"z przodu, podłużnie","","","","","","","","","","","","","","","","","","","",manualna,5,na tylną oś,"","",174 km/h,13.0 s,"","","","","",46 l,"","","","","",990 kg,"","","","","","","","",""
Alfa Romeo Spider II 1.6 110KM 81kW 1972-1981,alfa romeo,spider,https://www.autocentrum.pl/dane-techniczne/alfa-romeo/spider/ii/silnik-benzynowy-1.6-110km-1972-1981/,2,2,"","",4120 mm,1630 mm,1290 mm,2250 mm,1324 mm,1274 mm,935 mm,935 mm,"","","","","","","","","","","","","","","","","","","","","","","","","","","","","","","","","","","",300 l,500 l,"","","","","","","","","","","","","","","","",od 1972 do 1981 roku,1567 cm³,benzynowy,110 KM (81 kW) przy 6000 obr/min,137 Nm przy 5500 obr/min,"",SOHC (OHC),4,"",8,9.0 : 1,"","",gaźnik,"z przodu, podłużnie","","","",185/70 R14,"","","","",tarczowe,tarczowe,"","","","","","","","","",manualna,5,na tylną oś,"","",180 km/h,11.3 s,"","",9.7 l/100km,"",12.6 l/100km,46 l,474 km,"",365 km,"","",1240 kg,"","","","","","","","",""
Alfa Romeo Spider II 1.75 134KM 99kW 1970-1973,alfa romeo,spider,https://www.autocentrum.pl/dane-techniczne/alfa-romeo/spider/ii/silnik-benzynowy-1.75-134km-1970-1973/,2,2,"","",4120 mm,1630 mm,1290 mm,2250 mm,1324 mm,1274 mm,935 mm,935 mm,"","","","","","","","","","","","","","","","","","","","","","","","","","","","","","","","","","","",300 l,500 l,"","","","","","","","","","","","","","","","",od 1970 do 1973 roku,1779 cm³,benzynowy,134 KM (99 kW) przy 5500 obr/min,187 Nm przy 5500 obr/min,"",SOHC (OHC),4,rzędowy,8,9.0 : 1,88 × 88.5 mm,"",gaźnik,"z przodu, podłużnie","","","",185/70 R14,"","","","",tarczowe,tarczowe,"","","","","","","","","",manualna,5,na tylną oś,"","","","","","","","","",46 l,"","","","","",1040 kg,"","","","","","","","",""
Alfa Romeo Spider II 2.0 120KM 88kW 1980-1982,alfa romeo,spider,https://www.autocentrum.pl/dane-techniczne/alfa-romeo/spider/ii/silnik-benzynowy-2.0-120km-1980-1982/,2,2,"","",4120 mm,1630 mm,1290 mm,2250 mm,1324 mm,1274 mm,935 mm,935 mm,"","","","","","","","","","","","","","","","","","","","","","","","","","","","","","","","","","","",300 l,500 l,"","","","","","","","","","","","","","","","",od 1980 do 1982 roku,1962 cm³,benzynowy,120 KM (88 kW) przy 5800 obr/min,161 Nm przy 5500 obr/min,"",SOHC (OHC),4,rzędowy,8,10.0 : 1,"","",gaźnik,"z przodu, podłużnie","","","",185/70 R14,"","","","",tarczowe,tarczowe,"","","","","","","","","",manualna,5,na tylną oś,"","",190 km/h,10.4 s,"","",8.7 l/100km,"",10.6 l/100km,46 l,529 km,"",434 km,"","",1080 kg,"","","","","","","","",""
Alfa Romeo Spider II 2.0 Veloce 128KM 94kW 1971-1982,alfa romeo,spider,https://www.autocentrum.pl/dane-techniczne/alfa-romeo/spider/ii/silnik-benzynowy-2.0-veloce-128km-1971-1982/,2,2,"","",4120 mm,1630 mm,1290 mm,2250 mm,1324 mm,1274 mm,935 mm,935 mm,"","","","","","","","","","","","","","","","","","","","","","","","","","","","","","","","","","","",300 l,500 l,"","","","","","","","","","","","","","","","",od 1971 do 1982 roku,1962 cm³,benzynowy,128 KM (94 kW) przy 5400 obr/min,177 Nm przy 5500 obr/min,"",SOHC (OHC),4,"",8,9.0 : 1,"","",gaźnik,"z przodu, podłużnie","","","",195/60 R15,"","","","",tarczowe,tarczowe,"","","","","","","","","",manualna,5,na tylną oś,"","",190 km/h,10.4 s,"","","","",13.3 l/100km,46 l,"","",346 km,"","",1080 kg,"","","","","","","","",""
Alfa Romeo Spider III 1.6 95KM 70kW 1983-1989,alfa romeo,spider,https://www.autocentrum.pl/dane-techniczne/alfa-romeo/spider/iii/silnik-benzynowy-1.6-95km-1983-1989/,2,"","","",4247 mm,1630 mm,1290 mm,2250 mm,1330 mm,1280 mm,"","","","","","","","","","","","","","","","","","","","","","","","","","","","","","","","","","","","","","","","","","","","","","","","","","","","","","","",od 1983 do 1989 roku,1570 cm³,benzynowy,95 KM (70 kW) przy 5500 obr/min,137 Nm przy 4500 obr/min,"",SOHC (OHC),4,rzędowy,8,9.0 : 1,78 × 82 mm,iskrowy,gaźnik,"","","","",165/65 R14,"","","","","","","","","","","","","","",gazowe,manualna,5,na tylną oś,"","",177 km/h,10.9 s,17.7 s,32.6 s,9.7 l/100km,7.8 l/100km,11.6 l/100km,"","","","","","",1020 kg,1340 kg,"","","","","","","",""
Alfa Romeo Spider III 2.0 128KM 94kW 1983-1987,alfa romeo,spider,https://www.autocentrum.pl/dane-techniczne/alfa-romeo/spider/iii/silnik-benzynowy-2.0-128km-1983-1987/,2,"","","",4247 mm,1630 mm,1290 mm,2250 mm,1330 mm,1280 mm,"","","","","","","","","","","","","","","","","","","","","","","","","","","","","","","","","","","","","","","","","","","","","","","","","","","","","","","",od 1983 do 1987 roku,1962 cm³,benzynowy,128 KM (94 kW) przy 5400 obr/min,178 Nm przy 3500 obr/min,"",SOHC (OHC),4,rzędowy,8,9.0 : 1,84 × 88.5 mm,"",gaźnik,"z przodu, podłużnie","","","",185/70 R14,"","","","",tarczowe,tarczowe,"","","","","","","","","",manualna,5,na tylną oś,"","",190 km/h,"","",30.8 s,11.0 l/100km,9.0 l/100km,14.3 l/100km,"","","","","","",1040 kg,"","","","","","","","",""
Alfa Romeo Spider IV 1.6 108KM 79kW 1989-1993,alfa romeo,spider,https://www.autocentrum.pl/dane-techniczne/alfa-romeo/spider/iv/silnik-benzynowy-1.6-108km-1989-1993/,2,"","","",4260 mm,1630 mm,1290 mm,2250 mm,1325 mm,1290 mm,"","",125 mm,"","","","","","","","","","","","","","","","","","","","","","","","","","","","","","","","","","","","","","","","","","","","","","","","","","","","",od 1989 do 1993 roku,1567 cm³,benzynowy,108 KM (79 kW) przy 6000 obr/min,137 Nm przy 6000 obr/min,"",SOHC (OHC),4,rzędowy,8,9.0 : 1,78 × 82 mm,"",gaźnik,"z przodu, podłużnie","","","","","","","","",tarczowe,bębnowe,"","","","","","","","","",manualna,5,na tylną oś,"","",190 km/h,10.0 s,"","","","","",46 l,"","","","","",1070 kg,"","","","","","","","",""
Alfa Romeo Spider IV 2.0 137KM 101kW 1989-1993,alfa romeo,spider,https://www.autocentrum.pl/dane-techniczne/alfa-romeo/spider/iv/silnik-benzynowy-2.0-137km-1989-1993/,2,"","","",4260 mm,1630 mm,1290 mm,2250 mm,1325 mm,1290 mm,"","",125 mm,"","","","","","","","","","","","","","","","","","","","","","","","","","","","","","","","","","","","","","","","","","","","","","","","","","","","",od 1989 do 1993 roku,1962 cm³,benzynowy,137 KM (101 kW) przy 5800 obr/min,167 Nm przy 4200 obr/min,"",SOHC (OHC),4,rzędowy,8,10.0 : 1,84 × 88.5 mm,iskrowy,pośredni,"","","","",195/60 R15,"","","","",tarczowe,tarczowe,"","","","","","","","",gazowe,manualna,5,na tylną oś,"","",196 km/h,9.6 s,16.9 s,30.8 s,8.5 l/100km,6.6 l/100km,10.5 l/100km,46 l,541 km,697 km,438 km,"","",1110 kg,1280 kg,"","","","","","","",""
Alfa Romeo Sprint 1.3 Boxer 75KM 55kW 1976-1983,alfa romeo,sprint,https://www.autocentrum.pl/dane-techniczne/alfa-romeo/sprint/silnik-benzynowy-1.3-boxer-75km-1976-1983/,3,5,"","",4019 mm,1610 mm,1305 mm,2455 mm,1397 mm,1364 mm,807 mm,757 mm,"","","","","","","","","","","","","","","","","","","","","","","","","","","","","","","","","","","","","","","","","","","","","","","","","","","","","",od 1976 do 1983 roku,1286 cm³,benzynowy,75 KM (55 kW) przy 6000 obr/min,103 Nm przy 3500 obr/min,"",SOHC (OHC),4,bokser,8,9.0 : 1,80 × 64 mm,"",gaźnik,"","","","","","","","","","","","","","","","","","","","",manualna,5,na przednią oś,"","",165 km/h,12.5 s,"","",8.2 l/100km,"","","","","","","","",890 kg,1290 kg,"","","","","","","",""
Alfa Romeo Sprint 1.3 Boxer 79KM 58kW 1976-1983,alfa romeo,sprint,https://www.autocentrum.pl/dane-techniczne/alfa-romeo/sprint/silnik-benzynowy-1.3-boxer-79km-1976-1983/,3,5,"","",4019 mm,1610 mm,1305 mm,2455 mm,1397 mm,1364 mm,807 mm,757 mm,"","","","","","","","","","","","","","","","","","","","","","","","","","","","","","","","","","","","","","","","","","","","","","","","","","","","","",od 1976 do 1983 roku,1351 cm³,benzynowy,79 KM (58 kW) przy 6000 obr/min,110 Nm przy 3500 obr/min,"",SOHC (OHC),4,bokser,8,9.0 : 1,80 × 67.2 mm,"","","","","","","","","","","","","","","","","","","","","","",manualna,5,na przednią oś,"","",168 km/h,11.9 s,"","",8.2 l/100km,6.3 l/100km,10.0 l/100km,"","","","","","",890 kg,1290 kg,"","","","","","","",""
Alfa Romeo Sprint 1.3 Boxer 86KM 63kW 1976-1989,alfa romeo,sprint,https://www.autocentrum.pl/dane-techniczne/alfa-romeo/sprint/silnik-benzynowy-1.3-boxer-86km-1976-1989/,3,5,"","",4019 mm,1610 mm,1305 mm,2455 mm,1397 mm,1364 mm,807 mm,757 mm,"","","","","","","","","","","","","","","","","","","","","","","","","","","","","","","","","","","","","","","","","","","","","","","","","","","","","",od 1976 do 1989 roku,1351 cm³,benzynowy,86 KM (63 kW) przy 5800 obr/min,119 Nm przy 4000 obr/min,"",SOHC (OHC),4,bokser,8,10.0 : 1,80 × 67.2 mm,"",gaźnik,"","",Podwójny gaźnik,"","","","","","","","","","","","","","","","","",manualna,5,na przednią oś,"","",171 km/h,11.5 s,"","",8.8 l/100km,6.6 l/100km,11.4 l/100km,"","","","","","",915 kg,1315 kg,"","","","","","","",""
Alfa Romeo Sprint 1.5 Boxer 105KM 77kW 1976-1989,alfa romeo,sprint,https://www.autocentrum.pl/dane-techniczne/alfa-romeo/sprint/silnik-benzynowy-1.5-boxer-105km-1976-1989/,3,5,"","",4019 mm,1610 mm,1305 mm,2455 mm,1397 mm,1364 mm,807 mm,757 mm,"","","","","","","","","","","","","","","","","","","","","","","","","","","","","","","","","","","","","","","","","","","","","","","","","","","","","",od 1976 do 1989 roku,1490 cm³,benzynowy,105 KM (77 kW) przy 6300 obr/min,129 Nm przy 4400 obr/min,"",SOHC (OHC),4,bokser,8,10.0 : 1,84 × 67.2 mm,"",gaźnik,"","",podwójny gaźnik,"","","","","","","","","","","","","","","","","",manualna,5,na przednią oś,"","",180 km/h,10.4 s,"","",8.3 l/100km,5.9 l/100km,11.4 l/100km,"","","","","","",915 kg,1315 kg,"","","","","","","",""
Alfa Romeo Sprint 1.5 Boxer 85KM 63kW 1976-1989,alfa romeo,sprint,https://www.autocentrum.pl/dane-techniczne/alfa-romeo/sprint/silnik-benzynowy-1.5-boxer-85km-1976-1989/,3,5,"","",4019 mm,1610 mm,1305 mm,2455 mm,1397 mm,1364 mm,807 mm,757 mm,"","","","","","","","","","","","","","","","","","","","","","","","","","","","","","","","","","","","","","","","","","","","","","","","","","","","","",od 1976 do 1989 roku,1490 cm³,benzynowy,85 KM (63 kW) przy 5800 obr/min,121 Nm przy 3500 obr/min,"",SOHC (OHC),4,bokser,8,9.0 : 1,84 × 67.2 mm,"",gaźnik,"","","","","","","","","","","","","","","","","","","","",manualna,5,na przednią oś,"","",170 km/h,11.2 s,"","",8.8 l/100km,6.7 l/100km,10.9 l/100km,"","","","","","",900 kg,1300 kg,"","","","","","","",""
Alfa Romeo Sprint 1.5 Boxer 95KM 70kW 1976-1989,alfa romeo,sprint,https://www.autocentrum.pl/dane-techniczne/alfa-romeo/sprint/silnik-benzynowy-1.5-boxer-95km-1976-1989/,3,5,"","",4019 mm,1610 mm,1305 mm,2455 mm,1397 mm,1364 mm,807 mm,757 mm,"","","","","","","","","","","","","","","","","","","","","","","","","","","","","","","","","","","","","","","","","","","","","","","","","","","","","",od 1976 do 1989 roku,1490 cm³,benzynowy,95 KM (70 kW) przy 5800 obr/min,130 Nm przy 4000 obr/min,"",SOHC (OHC),4,bokser,8,10.0 : 1,84 × 67.2 mm,"",gaźnik,"","",podwójny gaźnik,"","","","","","","","","","","","","","","","","",manualna,5,na przednią oś,"","",176 km/h,10.2 s,"","",9.0 l/100km,6.8 l/100km,11.8 l/100km,"","","","","","",915 kg,1315 kg,"","","","","","","",""
Alfa Romeo Sprint 1.7 Boxer 105KM 77kW 1987-1989,alfa romeo,sprint,https://www.autocentrum.pl/dane-techniczne/alfa-romeo/sprint/silnik-benzynowy-1.7-boxer-105km-1987-1989/,3,5,"","",4019 mm,1610 mm,1305 mm,2455 mm,1397 mm,1364 mm,807 mm,757 mm,"","","","","","","","","","","","","","","","","","","","","","","","","","","","","","","","","","","","","","","","","","","","","","","","","","","","","",od 1987 do 1989 roku,1717 cm³,benzynowy,105 KM (77 kW) przy 5500 obr/min,145 Nm przy 4500 obr/min,"",SOHC (OHC),4,bokser,8,10.0 : 1,87 × 72.2 mm,"","jednopunktowy (SPI, CPI)","","","","","","","","","","","","","","","","","","","","",manualna,5,na przednią oś,"","",188 km/h,9.7 s,"","",8.3 l/100km,"","","","","","","","",915 kg,1340 kg,"","","","","","","",""
Alfa Romeo Sprint 1.7 Boxer 118KM 87kW 1987-1989,alfa romeo,sprint,https://www.autocentrum.pl/dane-techniczne/alfa-romeo/sprint/silnik-benzynowy-1.7-boxer-118km-1987-1989/,3,5,"","",4019 mm,1610 mm,1305 mm,2455 mm,1397 mm,1364 mm,807 mm,757 mm,"","","","","","","","","","","","","","","","","","","","","","","","","","","","","","","","","","","","","","","","","","","","","","","","","","","","","",od 1987 do 1989 roku,1717 cm³,benzynowy,118 KM (87 kW) przy 5800 obr/min,147 Nm przy 3500 obr/min,"",SOHC (OHC),4,bokser,8,10.0 : 1,87 × 72.2 mm,"",gaźnik,"","",dwa gaźniki,"","","","","","","","","","","","","","","","","",manualna,5,na przednią oś,"","",196 km/h,9.0 s,"","",8.5 l/100km,5.9 l/100km,11.4 l/100km,"","","","","","",915 kg,1340 kg,"","","","","","","",""
Alfa Romeo Stelvio Quadrifoglio 2.9 GME V6 510KM 375kW 2023,alfa romeo,stelvio,https://www.autocentrum.pl/dane-techniczne/alfa-romeo/stelvio/quadrifoglio/silnik-benzynowy-2.9-gme-v6-510km-2023/,5,5,11.7 m,5.8 m,4686 mm,1903 mm,1693 mm,2818 mm,brak danych,brak danych,860 mm,1008 mm,220 mm,brak danych,2163 mm,brak danych,brak danych,brak danych,brak danych,brak danych,brak danych,brak danych,brak danych,brak danych,brak danych,brak danych,brak danych,brak danych,brak danych,brak danych,brak danych,brak danych,brak danych,brak danych,brak danych,brak danych,brak danych,brak danych,brak danych,brak danych,brak danych,brak danych,brak danych,brak danych,brak danych,brak danych,brak danych,525 l,brak danych,brak danych,brak danych,brak danych,brak danych,brak danych,brak danych,brak danych,brak danych,brak danych,brak danych,brak danych,brak danych,brak danych,100 kg,brak danych,brak danych,w 2023 roku,2891 cm³,benzynowy,510 KM (375 kW) przy 6500 obr/min,600 Nm przy 2500 obr/min,turbosprężarkowe,DOHC,6,widlasty,24,9.3 : 1,86.5 × 82 mm,iskrowy,bezpośredni,"z przodu, podłużnie",brak danych,brak danych,przekładnia zębatkowa ze wspomaganiem elektrycznym,brak danych,brak danych,brak danych,brak danych,brak danych,tarczowe wentylowane,tarczowe wentylowane,360 mm,350 mm,brak danych,brak danych,32 mm,28 mm,wielowahaczowe double wishbone,system o architekturze Multilink,gazowe,automatyczna,"",4x4,brak danych,hydrokinetyczne,308 km/h,3.9 s,brak danych,brak danych,9.2 l/100km,7.6 l/100km,11.9 l/100km,64 l,696 km,842 km,538 km,214 g/km,Euro 6d,1820 kg,2450 kg,brak danych,brak danych,brak danych,brak danych,brak danych,dostępny,brak danych,8
Alfa Romeo Stelvio Quadrifoglio 2.9 GME V6 520KM 382kW od 2023,alfa romeo,stelvio,https://www.autocentrum.pl/dane-techniczne/alfa-romeo/stelvio/quadrifoglio/silnik-benzynowy-2.9-gme-v6-520km-od-2023/,5,5,11.7 m,5.8 m,4686 mm,1903 mm,1693 mm,2818 mm,brak danych,brak danych,860 mm,1008 mm,220 mm,brak danych,2163 mm,brak danych,brak danych,brak danych,brak danych,brak danych,brak danych,brak danych,brak danych,brak danych,brak danych,brak danych,brak danych,brak danych,brak danych,brak danych,brak danych,brak danych,brak danych,brak danych,brak danych,brak danych,brak danych,brak danych,brak danych,brak danych,brak danych,brak danych,brak danych,brak danych,brak danych,brak danych,brak danych,525 l,brak danych,brak danych,brak danych,brak danych,brak danych,brak danych,brak danych,brak danych,brak danych,brak danych,brak danych,brak danych,brak danych,brak danych,100 kg,brak danych,brak danych,od 2023 roku,2891 cm³,benzynowy,520 KM (382 kW) przy 6500 obr/min,600 Nm przy 2500 obr/min,turbosprężarkowe,DOHC,6,widlasty,24,9.3 : 1,86.5 × 82 mm,iskrowy,bezpośredni,"z przodu, podłużnie",brak danych,brak danych,przekładnia zębatkowa ze wspomaganiem elektrycznym,brak danych,brak danych,brak danych,brak danych,brak danych,tarczowe wentylowane,tarczowe wentylowane,360 mm,350 mm,brak danych,brak danych,32 mm,28 mm,wielowahaczowe double wishbone,system o architekturze Multilink,gazowe,automatyczna,"",4x4,brak danych,hydrokinetyczne,308 km/h,3.9 s,brak danych,brak danych,9.2 l/100km,7.6 l/100km,11.9 l/100km,64 l,696 km,842 km,538 km,214 g/km,Euro 6d,1820 kg,2450 kg,brak danych,brak danych,brak danych,brak danych,brak danych,dostępny,brak danych,8
Alfa Romeo Stelvio SUV Facelifting 2023 2.0 GME Turbo 280KM 206kW od 2023,alfa romeo,stelvio,https://www.autocentrum.pl/dane-techniczne/alfa-romeo/stelvio/suv-facelifting-2023/silnik-benzynowy-2.0-gme-turbo-280km-od-2023/,5,5,11.7 m,5.8 m,4686 mm,1903 mm,1693 mm,2818 mm,brak danych,brak danych,860 mm,1008 mm,220 mm,brak danych,2163 mm,brak danych,brak danych,brak danych,brak danych,brak danych,brak danych,brak danych,brak danych,brak danych,brak danych,brak danych,brak danych,brak danych,brak danych,brak danych,brak danych,brak danych,brak danych,brak danych,brak danych,brak danych,brak danych,brak danych,brak danych,brak danych,brak danych,brak danych,brak danych,brak danych,brak danych,brak danych,brak danych,525 l,brak danych,brak danych,brak danych,brak danych,brak danych,brak danych,brak danych,brak danych,brak danych,brak danych,brak danych,brak danych,brak danych,brak danych,100 kg,brak danych,brak danych,od 2023 roku,1995 cm³,benzynowy,280 KM (206 kW) przy 5250 obr/min,400 Nm przy 2250 obr/min,turbosprężarkowe,DOHC,4,rzędowy,16,10.0 : 1,84 × 90 mm,iskrowy,bezpośredni,brak danych,brak danych,brak danych,przekładnia zębatkowa ze wspomaganiem elektrycznym,brak danych,brak danych,brak danych,brak danych,brak danych,tarczowe wentylowane,tarczowe wentylowane,330 mm,292 mm,brak danych,brak danych,brak danych,brak danych,system o architekturze Multilink,system o architekturze Multilink,gazowe,automatyczna,"",4x4,brak danych,hydrokinetyczne,230 km/h,5.7 s,brak danych,brak danych,8.7 l/100km,brak danych,brak danych,64 l,736 km,"","",197 g/km,Euro 6d,1660 kg,brak danych,2300 kg,750 kg,brak danych,brak danych,brak danych,dostępny,55273835,8
Alfa Romeo Stelvio SUV Facelifting 2023 2.2 JTDM 160KM 118kW od 2023,alfa romeo,stelvio,https://www.autocentrum.pl/dane-techniczne/alfa-romeo/stelvio/suv-facelifting-2023/silnik-diesla-2.2-jtdm-160km-od-2023/,5,5,11.7 m,5.8 m,4686 mm,1903 mm,1693 mm,2818 mm,brak danych,brak danych,860 mm,1008 mm,220 mm,brak danych,2163 mm,brak danych,brak danych,brak danych,brak danych,brak danych,brak danych,brak danych,brak danych,brak danych,brak danych,brak danych,brak danych,brak danych,brak danych,brak danych,brak danych,brak danych,brak danych,brak danych,brak danych,brak danych,brak danych,brak danych,brak danych,brak danych,brak danych,brak danych,brak danych,brak danych,brak danych,brak danych,brak danych,525 l,brak danych,brak danych,brak danych,brak danych,brak danych,brak danych,brak danych,brak danych,brak danych,brak danych,brak danych,brak danych,brak danych,brak danych,100 kg,brak danych,brak danych,od 2023 roku,2143 cm³,diesel,160 KM (118 kW) przy 3500 obr/min,450 Nm przy 1750 obr/min,turbosprężarkowe,DOHC,4,rzędowy,16,15.5 : 1,83 × 99 mm,samoczynny,bezpośredni Common Rail,"z przodu, podłużnie",brak danych,brak danych,przekładnia zębatkowa ze wspomaganiem elektrycznym,brak danych,brak danych,brak danych,brak danych,brak danych,tarczowe wentylowane,tarczowe wentylowane,330 mm,292 mm,brak danych,brak danych,brak danych,brak danych,system o architekturze Multilink,system o architekturze Multilink,gazowe,automatyczna,"",na przednią oś,brak danych,hydrokinetyczne,200 km/h,8.8 s,brak danych,brak danych,6.0 l/100km,brak danych,brak danych,64 l,1067 km,"","",159 g/km,Euro 6d,1745 kg,brak danych,2300 kg,750 kg,brak danych,brak danych,brak danych,dostępny,brak danych,8
Alfa Romeo Stelvio SUV Facelifting 2023 2.2 JTDM 210KM 154kW od 2023,alfa romeo,stelvio,https://www.autocentrum.pl/dane-techniczne/alfa-romeo/stelvio/suv-facelifting-2023/silnik-diesla-2.2-jtdm-210km-od-2023/,5,5,11.7 m,5.8 m,4686 mm,1903 mm,1693 mm,2818 mm,brak danych,brak danych,860 mm,1008 mm,220 mm,brak danych,2163 mm,brak danych,brak danych,brak danych,brak danych,brak danych,brak danych,brak danych,brak danych,brak danych,brak danych,brak danych,brak danych,brak danych,brak danych,brak danych,brak danych,brak danych,brak danych,brak danych,brak danych,brak danych,brak danych,brak danych,brak danych,brak danych,brak danych,brak danych,brak danych,brak danych,brak danych,brak danych,brak danych,525 l,brak danych,brak danych,brak danych,brak danych,brak danych,brak danych,brak danych,brak danych,brak danych,brak danych,brak danych,brak danych,brak danych,brak danych,100 kg,brak danych,brak danych,od 2023 roku,2143 cm³,diesel,210 KM (154 kW) przy 3500 obr/min,470 Nm przy 1750 obr/min,turbosprężarkowe,DOHC,4,rzędowy,16,15.5 : 1,83 × 99 mm,samoczynny,bezpośredni Common Rail,"z przodu, podłużnie",brak danych,brak danych,przekładnia zębatkowa ze wspomaganiem elektrycznym,brak danych,brak danych,brak danych,brak danych,brak danych,tarczowe wentylowane,tarczowe wentylowane,330 mm,292 mm,brak danych,brak danych,brak danych,brak danych,system o architekturze Multilink,system o architekturze Multilink,gazowe,automatyczna,"",4x4,brak danych,hydrokinetyczne,215 km/h,6.6 s,brak danych,brak danych,6.2 l/100km,brak danych,brak danych,64 l,1032 km,"","",163 g/km,Euro 6d,1745 kg,brak danych,2300 kg,750 kg,brak danych,brak danych,brak danych,dostępny,55284529,8
Alfa Romeo Stelvio SUV Facelifting 2.0 Turbo 200KM 147kW 2020-2023,alfa romeo,stelvio,https://www.autocentrum.pl/dane-techniczne/alfa-romeo/stelvio/suv-facelifting/silnik-benzynowy-2.0-turbo-200km-2020-2023/,5,5,11.7 m,brak danych,4687 mm,1903 mm,1671 mm,2818 mm,brak danych,brak danych,861 mm,1008 mm,207 mm,brak danych,2163 mm,brak danych,brak danych,brak danych,brak danych,brak danych,brak danych,brak danych,brak danych,brak danych,brak danych,brak danych,brak danych,brak danych,brak danych,brak danych,brak danych,brak danych,brak danych,brak danych,brak danych,brak danych,brak danych,brak danych,brak danych,brak danych,brak danych,brak danych,brak danych,brak danych,brak danych,brak danych,brak danych,525 l,1600 l,brak danych,brak danych,brak danych,brak danych,brak danych,brak danych,brak danych,brak danych,brak danych,brak danych,brak danych,brak danych,brak danych,brak danych,brak danych,brak danych,od 2020 do 2023 roku,1995 cm³,benzynowy,200 KM (147 kW) przy 4500 obr/min,330 Nm przy 1750 obr/min,turbosprężarkowe,brak danych,4,rzędowy,16,"",brak danych,elektroniczny,brak danych,brak danych,"fazowany, sekwencyjny wtrysk, wielopunktowy MPI z turbosprężarką o stałej geometrii łopatek i chłodnicą powietrza doładowującego",brak danych,przekładnia zębatkowa ze wspomaganiem elektrycznym,brak danych,brak danych,brak danych,brak danych,brak danych,tarczowe,tarczowe,330 mm,292 mm,brak danych,brak danych,brak danych,brak danych,brak danych,brak danych,brak danych,automatyczna,"",4x4,brak danych,brak danych,215 km/h,7.2 s,brak danych,brak danych,7.0 l/100km,5.9 l/100km,8.9 l/100km,64 l,914 km,1085 km,719 km,160 g/km,Euro 6d,1660 kg,brak danych,brak danych,brak danych,brak danych,brak danych,brak danych,dostępny,brak danych,8
Alfa Romeo Stelvio SUV Facelifting 2.0 Turbo 280KM 206kW 2020-2023,alfa romeo,stelvio,https://www.autocentrum.pl/dane-techniczne/alfa-romeo/stelvio/suv-facelifting/silnik-benzynowy-2.0-turbo-280km-2020-2023/,5,5,11.7 m,brak danych,4687 mm,1903 mm,1671 mm,2818 mm,brak danych,brak danych,861 mm,1008 mm,207 mm,brak danych,2163 mm,brak danych,brak danych,brak danych,brak danych,brak danych,brak danych,brak danych,brak danych,brak danych,brak danych,brak danych,brak danych,brak danych,brak danych,brak danych,brak danych,brak danych,brak danych,brak danych,brak danych,brak danych,brak danych,brak danych,brak danych,brak danych,brak danych,brak danych,brak danych,brak danych,brak danych,brak danych,brak danych,525 l,1600 l,brak danych,brak danych,brak danych,brak danych,brak danych,brak danych,brak danych,brak danych,brak danych,brak danych,brak danych,brak danych,brak danych,brak danych,brak danych,brak danych,od 2020 do 2023 roku,1995 cm³,benzynowy,280 KM (206 kW) przy 5250 obr/min,400 Nm przy 2250 obr/min,turbosprężarkowe,brak danych,4,rzędowy,16,"",brak danych,elektroniczny,brak danych,brak danych,"fazowany, sekwencyjny wtrysk, wielopunktowy MPI z turbosprężarką o stałej geometrii łopatek i chłodnicą powietrza doładowującego",brak danych,przekładnia zębatkowa ze wspomaganiem elektrycznym,brak danych,brak danych,brak danych,brak danych,brak danych,tarczowe,tarczowe,330 mm,292 mm,brak danych,brak danych,brak danych,brak danych,brak danych,brak danych,brak danych,automatyczna,"",4x4,brak danych,brak danych,230 km/h,5.7 s,brak danych,brak danych,7.0 l/100km,5.9 l/100km,8.8 l/100km,64 l,914 km,1085 km,727 km,158 g/km,Euro 6d,1660 kg,brak danych,brak danych,brak danych,brak danych,brak danych,brak danych,dostępny,brak danych,8
Alfa Romeo Stelvio SUV Facelifting 2.9 510KM 375kW 2020-2023,alfa romeo,stelvio,https://www.autocentrum.pl/dane-techniczne/alfa-romeo/stelvio/suv-facelifting/silnik-benzynowy-2.9-510km-2020-2023/,5,5,11.7 m,brak danych,4687 mm,1903 mm,1671 mm,2818 mm,brak danych,brak danych,861 mm,1008 mm,207 mm,brak danych,2163 mm,brak danych,brak danych,brak danych,brak danych,brak danych,brak danych,brak danych,brak danych,brak danych,brak danych,brak danych,brak danych,brak danych,brak danych,brak danych,brak danych,brak danych,brak danych,brak danych,brak danych,brak danych,brak danych,brak danych,brak danych,brak danych,brak danych,brak danych,brak danych,brak danych,brak danych,brak danych,brak danych,525 l,1600 l,brak danych,brak danych,brak danych,brak danych,brak danych,brak danych,brak danych,brak danych,brak danych,brak danych,brak danych,brak danych,brak danych,brak danych,brak danych,brak danych,od 2020 do 2023 roku,2891 cm³,benzynowy,510 KM (375 kW) przy 6500 obr/min,600 Nm przy 2500 obr/min,turbosprężarkowe,brak danych,6,widlasty,24,"",brak danych,brak danych,bezpośredni,"z przodu, podłużnie",brak danych,brak danych,przekładnia zębatkowa ze wspomaganiem elektrycznym,brak danych,brak danych,brak danych,brak danych,brak danych,tarczowe wentylowane,tarczowe,390 mm,350 mm,brak danych,brak danych,brak danych,brak danych,brak danych,brak danych,brak danych,automatyczna,"",4x4,brak danych,brak danych,283 km/h,3.8 s,brak danych,brak danych,12.4 l/100km,8.2 l/100km,9.8 l/100km,64 l,516 km,780 km,653 km,222 g/km,Euro 6d,1830 kg,brak danych,brak danych,brak danych,brak danych,brak danych,brak danych,dostępny,brak danych,8
Alfa Romeo Stelvio SUV Facelifting 2.2 Turbo 160KM 118kW 2020-2023,alfa romeo,stelvio,https://www.autocentrum.pl/dane-techniczne/alfa-romeo/stelvio/suv-facelifting/silnik-diesla-2.2-turbo-160km-2020-2023/,5,5,11.7 m,brak danych,4687 mm,1903 mm,1671 mm,2818 mm,brak danych,brak danych,861 mm,1008 mm,207 mm,brak danych,2163 mm,brak danych,brak danych,brak danych,brak danych,brak danych,brak danych,brak danych,brak danych,brak danych,brak danych,brak danych,brak danych,brak danych,brak danych,brak danych,brak danych,brak danych,brak danych,brak danych,brak danych,brak danych,brak danych,brak danych,brak danych,brak danych,brak danych,brak danych,brak danych,brak danych,brak danych,brak danych,brak danych,525 l,1600 l,brak danych,brak danych,brak danych,brak danych,brak danych,brak danych,brak danych,brak danych,brak danych,brak danych,brak danych,brak danych,brak danych,brak danych,brak danych,brak danych,od 2020 do 2023 roku,2143 cm³,diesel,160 KM (118 kW) przy 3750 obr/min,450 Nm przy 1750 obr/min,intercooler,brak danych,4,rzędowy,16,"",brak danych,brak danych,bezpośredni Common Rail,brak danych,brak danych,brak danych,przekładnia zębatkowa ze wspomaganiem elektrycznym,brak danych,brak danych,brak danych,brak danych,brak danych,tarczowe,tarczowe,330 mm,292 mm,brak danych,brak danych,brak danych,brak danych,brak danych,brak danych,brak danych,automatyczna,"",na tylną oś,brak danych,brak danych,198 km/h,8.8 s,brak danych,brak danych,5.2 l/100km,4.7 l/100km,6.1 l/100km,58 l,1115 km,1234 km,951 km,138 g/km,Euro 6d,1660 kg,brak danych,brak danych,brak danych,brak danych,brak danych,brak danych,dostępny,brak danych,8
Alfa Romeo Stelvio SUV Facelifting 2.2 Turbo 190KM 140kW 2020-2023,alfa romeo,stelvio,https://www.autocentrum.pl/dane-techniczne/alfa-romeo/stelvio/suv-facelifting/silnik-diesla-2.2-turbo-190km-2020-2023/,5,5,11.7 m,brak danych,4687 mm,1903 mm,1671 mm,2818 mm,brak danych,brak danych,861 mm,1008 mm,207 mm,brak danych,2163 mm,brak danych,brak danych,brak danych,brak danych,brak danych,brak danych,brak danych,brak danych,brak danych,brak danych,brak danych,brak danych,brak danych,brak danych,brak danych,brak danych,brak danych,brak danych,brak danych,brak danych,brak danych,brak danych,brak danych,brak danych,brak danych,brak danych,brak danych,brak danych,brak danych,brak danych,brak danych,brak danych,525 l,1600 l,brak danych,brak danych,brak danych,brak danych,brak danych,brak danych,brak danych,brak danych,brak danych,brak danych,brak danych,brak danych,brak danych,brak danych,brak danych,brak danych,od 2020 do 2023 roku,2143 cm³,diesel,190 KM (140 kW) przy 3500 obr/min,450 Nm przy 1750 obr/min,intercooler,brak danych,4,brak danych,16,"",brak danych,brak danych,bezpośredni Common Rail,brak danych,brak danych,brak danych,przekładnia zębatkowa ze wspomaganiem elektrycznym,brak danych,brak danych,brak danych,brak danych,brak danych,tarczowe,tarczowe,330 mm,292 mm,brak danych,brak danych,brak danych,brak danych,brak danych,brak danych,brak danych,automatyczna,"",4x4,brak danych,brak danych,210 km/h,7.6 s,brak danych,brak danych,5.6 l/100km,5.0 l/100km,6.0 l/100km,58 l,1036 km,1160 km,967 km,146 g/km,Euro 6d,1660 kg,brak danych,brak danych,brak danych,brak danych,brak danych,brak danych,dostępny,brak danych,8
Alfa Romeo Stelvio SUV Facelifting 2.2 Turbo 210KM 154kW 2020-2023,alfa romeo,stelvio,https://www.autocentrum.pl/dane-techniczne/alfa-romeo/stelvio/suv-facelifting/silnik-diesla-2.2-turbo-210km-2020-2023/,5,5,11.7 m,brak danych,4687 mm,1903 mm,1671 mm,2818 mm,brak danych,brak danych,861 mm,1008 mm,207 mm,brak danych,2163 mm,brak danych,brak danych,brak danych,brak danych,brak danych,brak danych,brak danych,brak danych,brak danych,brak danych,brak danych,brak danych,brak danych,brak danych,brak danych,brak danych,brak danych,brak danych,brak danych,brak danych,brak danych,brak danych,brak danych,brak danych,brak danych,brak danych,brak danych,brak danych,brak danych,brak danych,brak danych,brak danych,525 l,1600 l,brak danych,brak danych,brak danych,brak danych,brak danych,brak danych,brak danych,brak danych,brak danych,brak danych,brak danych,brak danych,brak danych,brak danych,brak danych,brak danych,od 2020 do 2023 roku,2143 cm³,diesel,210 KM (154 kW) przy 3750 obr/min,470 Nm przy 1750 obr/min,intercooler,brak danych,4,brak danych,16,"",brak danych,brak danych,bezpośredni Common Rail,brak danych,brak danych,brak danych,przekładnia zębatkowa ze wspomaganiem elektrycznym,brak danych,brak danych,brak danych,brak danych,brak danych,tarczowe,tarczowe,330 mm,292 mm,brak danych,brak danych,brak danych,brak danych,brak danych,brak danych,brak danych,automatyczna,"",4x4,brak danych,brak danych,215 km/h,6.6 s,brak danych,brak danych,5.6 l/100km,5.0 l/100km,6.4 l/100km,58 l,1036 km,1160 km,906 km,146 g/km,Euro 6d,1660 kg,brak danych,brak danych,brak danych,brak danych,brak danych,brak danych,dostępny,brak danych,8
Alfa Romeo Stelvio SUV 2.0 Turbo 200KM 147kW 2017-2019,alfa romeo,stelvio,https://www.autocentrum.pl/dane-techniczne/alfa-romeo/stelvio/suv/silnik-benzynowy-2.0-turbo-200km-2017-2019/,5,5,11.7 m,5.8 m,4687 mm,1903 mm,1648 mm,2818 mm,1622 mm,1675 mm,brak danych,brak danych,207 mm,brak danych,2163 mm,1960 mm,brak danych,brak danych,brak danych,brak danych,brak danych,brak danych,brak danych,brak danych,brak danych,brak danych,brak danych,brak danych,brak danych,brak danych,brak danych,brak danych,brak danych,brak danych,brak danych,brak danych,brak danych,brak danych,brak danych,brak danych,brak danych,brak danych,brak danych,brak danych,brak danych,brak danych,brak danych,525 l,brak danych,brak danych,brak danych,brak danych,brak danych,brak danych,brak danych,brak danych,brak danych,brak danych,brak danych,brak danych,brak danych,brak danych,brak danych,brak danych,brak danych,od 2017 do 2019 roku,1995 cm³,benzynowy,200 KM (147 kW) przy 4500 obr/min,330 Nm przy 1750 obr/min,turbosprężarkowe,DOHC,4,rzędowy,16,10.0 : 1,84 × 90 mm,elektroniczny,bezpośredni,brak danych,brak danych,brak danych,przekładnia zębatkowa ze wspomaganiem elektrycznym,235/60 R18,255/45 R20,brak danych,brak danych,brak danych,tarczowe wentylowane,tarczowe wentylowane,brak danych,brak danych,brak danych,brak danych,brak danych,brak danych,wielowahaczowe double wishbone,system o architekturze Multilink,gazowe,automatyczna,"",4x4,AT8,brak danych,215 km/h,7.0 s,brak danych,brak danych,7.0 l/100km,6.0 l/100km,9.0 l/100km,64 l,914 km,1067 km,711 km,180 g/km,Euro 6,1660 kg,brak danych,brak danych,brak danych,brak danych,brak danych,brak danych,dostępny,brak danych,8
Alfa Romeo Stelvio SUV 2.0 Turbo 280KM 206kW 2017-2019,alfa romeo,stelvio,https://www.autocentrum.pl/dane-techniczne/alfa-romeo/stelvio/suv/silnik-benzynowy-2.0-turbo-280km-2017-2019/,5,5,11.7 m,5.8 m,4687 mm,1903 mm,1648 mm,2818 mm,1622 mm,1675 mm,brak danych,brak danych,207 mm,brak danych,2163 mm,1960 mm,brak danych,brak danych,brak danych,brak danych,brak danych,brak danych,brak danych,brak danych,brak danych,brak danych,brak danych,brak danych,brak danych,brak danych,brak danych,brak danych,brak danych,brak danych,brak danych,brak danych,brak danych,brak danych,brak danych,brak danych,brak danych,brak danych,brak danych,brak danych,brak danych,brak danych,brak danych,525 l,brak danych,brak danych,brak danych,brak danych,brak danych,brak danych,brak danych,brak danych,brak danych,brak danych,brak danych,brak danych,brak danych,brak danych,brak danych,brak danych,brak danych,od 2017 do 2019 roku,1995 cm³,benzynowy,280 KM (206 kW) przy 5250 obr/min,400 Nm przy 2250 obr/min,turbosprężarkowe,DOHC,4,rzędowy,16,"",brak danych,brak danych,brak danych,brak danych,brak danych,brak danych,brak danych,brak danych,brak danych,brak danych,brak danych,brak danych,tarczowe wentylowane,tarczowe wentylowane,brak danych,brak danych,brak danych,brak danych,brak danych,brak danych,brak danych,brak danych,brak danych,automatyczna,"",4x4,AT8,brak danych,230 km/h,5.0 s,brak danych,brak danych,7.0 l/100km,6.0 l/100km,10.0 l/100km,64 l,914 km,1067 km,640 km,156 g/km,Euro 6,1660 kg,brak danych,brak danych,brak danych,brak danych,brak danych,brak danych,brak danych,brak danych,8
Alfa Romeo Stelvio SUV 2.9 V6 Bi-Turbo 510KM 375kW 2017-2019,alfa romeo,stelvio,https://www.autocentrum.pl/dane-techniczne/alfa-romeo/stelvio/suv/silnik-benzynowy-2.9-v6-bi-turbo-510km-2017-2019/,5,5,11.7 m,5.8 m,4687 mm,1903 mm,1648 mm,2818 mm,1622 mm,1675 mm,brak danych,brak danych,207 mm,brak danych,2163 mm,1960 mm,brak danych,brak danych,brak danych,brak danych,brak danych,brak danych,brak danych,brak danych,brak danych,brak danych,brak danych,brak danych,brak danych,brak danych,brak danych,brak danych,brak danych,brak danych,brak danych,brak danych,brak danych,brak danych,brak danych,brak danych,brak danych,brak danych,brak danych,brak danych,brak danych,brak danych,brak danych,525 l,brak danych,brak danych,brak danych,brak danych,brak danych,brak danych,brak danych,brak danych,brak danych,brak danych,brak danych,brak danych,brak danych,brak danych,brak danych,brak danych,brak danych,od 2017 do 2019 roku,2891 cm³,benzynowy,510 KM (375 kW) przy 6500 obr/min,600 Nm przy 2500 obr/min,turbosprężarkowe,DOHC,6,widlasty,24,9.3 : 1,86.5 × 82 mm,iskrowy,bezpośredni,"z przodu, podłużnie",brak danych,brak danych,przekładnia zębatkowa ze wspomaganiem elektrycznym,235/60 R18,235/55 R19; 255/45 R20,brak danych,brak danych,brak danych,tarczowe wentylowane,tarczowe wentylowane,brak danych,brak danych,brak danych,brak danych,brak danych,brak danych,wielowahaczowe double wishbone,system o architekturze Multilink,brak danych,automatyczna,"",4x4,brak danych,brak danych,285 km/h,3.9 s,brak danych,brak danych,9.0 l/100km,8.0 l/100km,12.0 l/100km,64 l,711 km,800 km,533 km,215 g/km,Euro 6d,1660 kg,brak danych,brak danych,brak danych,brak danych,brak danych,brak danych,dostępny,brak danych,8
Alfa Romeo Stelvio SUV 2.2 Diesel 180KM 132kW 2017-2018,alfa romeo,stelvio,https://www.autocentrum.pl/dane-techniczne/alfa-romeo/stelvio/suv/silnik-diesla-2.2-diesel-180km-2017-2018/,5,5,11.7 m,5.8 m,4687 mm,1903 mm,1648 mm,2818 mm,1622 mm,1675 mm,brak danych,brak danych,207 mm,brak danych,2163 mm,1960 mm,brak danych,brak danych,brak danych,brak danych,brak danych,brak danych,brak danych,brak danych,brak danych,brak danych,brak danych,brak danych,brak danych,brak danych,brak danych,brak danych,brak danych,brak danych,brak danych,brak danych,brak danych,brak danych,brak danych,brak danych,brak danych,brak danych,brak danych,brak danych,brak danych,brak danych,brak danych,525 l,brak danych,brak danych,brak danych,brak danych,brak danych,brak danych,brak danych,brak danych,brak danych,brak danych,brak danych,brak danych,brak danych,brak danych,brak danych,brak danych,brak danych,od 2017 do 2018 roku,2143 cm³,diesel,180 KM (132 kW) przy 3750 obr/min,450 Nm przy 1750 obr/min,turbosprężarkowe,DOHC,4,rzędowy,16,16.0 : 1,83 × 93 mm,elektroniczny,bezpośredni Common Rail,brak danych,brak danych,brak danych,przekładnia zębatkowa ze wspomaganiem elektrycznym,235/60 R18,brak danych,brak danych,brak danych,brak danych,tarczowe wentylowane,tarczowe wentylowane,brak danych,brak danych,brak danych,brak danych,brak danych,brak danych,wielowahaczowe double wishbone,system o architekturze Multilink,gazowe,automatyczna,"",4x4,brak danych,hydrokinetyczne,210 km/h,7.6 s,brak danych,brak danych,4.7 l/100km,4.3 l/100km,5.5 l/100km,64 l,1362 km,1488 km,1164 km,124 g/km,Euro 6,1660 kg,brak danych,brak danych,brak danych,brak danych,brak danych,brak danych,brak danych,brak danych,8
Alfa Romeo Stelvio SUV 2.2 JtdM-2 150KM 110kW 2017-2018,alfa romeo,stelvio,https://www.autocentrum.pl/dane-techniczne/alfa-romeo/stelvio/suv/silnik-diesla-2.2-jtdm-2-150km-2017-2018/,5,5,11.7 m,5.8 m,4687 mm,1903 mm,1648 mm,2818 mm,1622 mm,1675 mm,brak danych,brak danych,207 mm,brak danych,2163 mm,1960 mm,brak danych,brak danych,brak danych,brak danych,brak danych,brak danych,brak danych,brak danych,brak danych,brak danych,brak danych,brak danych,brak danych,brak danych,brak danych,brak danych,brak danych,brak danych,brak danych,brak danych,brak danych,brak danych,brak danych,brak danych,brak danych,brak danych,brak danych,brak danych,brak danych,brak danych,brak danych,525 l,brak danych,brak danych,brak danych,brak danych,brak danych,brak danych,brak danych,brak danych,brak danych,brak danych,brak danych,brak danych,brak danych,brak danych,brak danych,brak danych,brak danych,od 2017 do 2018 roku,2143 cm³,diesel,150 KM (110 kW) przy 4000 obr/min,450 Nm przy 1750 obr/min,turbosprężarkowe,DOHC,4,rzędowy,16,16.0 : 1,83 × 99 mm,elektroniczny,bezpośredni Common Rail,brak danych,brak danych,brak danych,zębatkowy z elektrycznym wspomaganiem kierownicy Dualdrive,235/60 R18,brak danych,brak danych,brak danych,brak danych,tarczowe wentylowane,tarczowe wentylowane,brak danych,brak danych,brak danych,brak danych,brak danych,brak danych,wielowahaczowe double wishbone,system o architekturze Multilink,gazowe,automatyczna,"",na tylną oś,brak danych,hydrokinetyczne,207 km/h,8.4 s,brak danych,brak danych,4.7 l/100km,4.3 l/100km,5.5 l/100km,64 l,1362 km,1488 km,1164 km,124 g/km,Euro 6,1659 kg,brak danych,2000 kg,750 kg,brak danych,brak danych,brak danych,brak danych,brak danych,8
Alfa Romeo Stelvio SUV 2.2 JtdM-2  160KM 118kW 2018-2019,alfa romeo,stelvio,https://www.autocentrum.pl/dane-techniczne/alfa-romeo/stelvio/suv/silnik-diesla-2.2-jtdm-2-160km-2018-2019/,5,5,11.7 m,5.8 m,4687 mm,1903 mm,1648 mm,2818 mm,1622 mm,1675 mm,brak danych,brak danych,207 mm,brak danych,2163 mm,1960 mm,brak danych,brak danych,brak danych,brak danych,brak danych,brak danych,brak danych,brak danych,brak danych,brak danych,brak danych,brak danych,brak danych,brak danych,brak danych,brak danych,brak danych,brak danych,brak danych,brak danych,brak danych,brak danych,brak danych,brak danych,brak danych,brak danych,brak danych,brak danych,brak danych,brak danych,brak danych,525 l,brak danych,brak danych,brak danych,brak danych,brak danych,brak danych,brak danych,brak danych,brak danych,brak danych,brak danych,brak danych,brak danych,brak danych,brak danych,brak danych,brak danych,od 2018 do 2019 roku,2143 cm³,diesel,160 KM (118 kW) przy 3750 obr/min,450 Nm przy 1750 obr/min,turbosprężarkowe,DOHC,4,rzędowy,16,15.5 : 1,83 × 99 mm,elektroniczny,bezpośredni Common Rail,"z przodu, podłużnie",brak danych,brak danych,przekładnia zębatkowa ze wspomaganiem elektrycznym,225/65 R17; 235/55 R19,235/60 R18; 255/45 R50,brak danych,brak danych,brak danych,tarczowe wentylowane,tarczowe,305 mm,292 mm,brak danych,brak danych,brak danych,brak danych,wielowahaczowe double wishbone,system o architekturze Multilink,gazowe,automatyczna,"",na tylną oś,AT8,brak danych,198 km/h,8.0 s,brak danych,brak danych,5.0 l/100km,5.0 l/100km,6.0 l/100km,64 l,1280 km,1280 km,1067 km,142 g/km,Euro 6d,1660 kg,brak danych,brak danych,brak danych,brak danych,brak danych,brak danych,dostępny,brak danych,8
Alfa Romeo Stelvio SUV 2.2 JtdM-2  190KM 140kW 2018-2019,alfa romeo,stelvio,https://www.autocentrum.pl/dane-techniczne/alfa-romeo/stelvio/suv/silnik-diesla-2.2-jtdm-2-190km-2018-2019/,5,5,11.7 m,5.8 m,4687 mm,1903 mm,1648 mm,2818 mm,1622 mm,1675 mm,brak danych,brak danych,207 mm,brak danych,2163 mm,1960 mm,brak danych,brak danych,brak danych,brak danych,brak danych,brak danych,brak danych,brak danych,brak danych,brak danych,brak danych,brak danych,brak danych,brak danych,brak danych,brak danych,brak danych,brak danych,brak danych,brak danych,brak danych,brak danych,brak danych,brak danych,brak danych,brak danych,brak danych,brak danych,brak danych,brak danych,brak danych,525 l,brak danych,brak danych,brak danych,brak danych,brak danych,brak danych,brak danych,brak danych,brak danych,brak danych,brak danych,brak danych,brak danych,brak danych,brak danych,brak danych,brak danych,od 2018 do 2019 roku,2143 cm³,diesel,190 KM (140 kW) przy 3500 obr/min,450 Nm przy 1750 obr/min,turbosprężarka ze zmienną geometrią i z intercoolerem,DOHC,4,rzędowy,16,15.5 : 1,83 × 99 mm,brak danych,bezpośredni Common Rail,"z przodu, podłużnie",brak danych,brak danych,przekładnia zębatkowa ze wspomaganiem elektrycznym,225/65 R17,235/60 R18; 235/65 R19; 255/45 R20,brak danych,brak danych,brak danych,tarczowe wentylowane,tarczowe,305 mm,292 mm,brak danych,brak danych,brak danych,brak danych,wielowahaczowe double wishbone,system o architekturze Multilink,gazowe,automatyczna,"",4x4,AT8,brak danych,210 km/h,7.0 s,brak danych,brak danych,5.0 l/100km,5.0 l/100km,6.0 l/100km,64 l,1280 km,1280 km,1067 km,155 g/km,Euro 6d,1745 kg,brak danych,brak danych,brak danych,brak danych,brak danych,brak danych,dostępny,brak danych,8
Alfa Romeo Stelvio SUV 2.2 JtdM-2 210KM 154kW 2017-2019,alfa romeo,stelvio,https://www.autocentrum.pl/dane-techniczne/alfa-romeo/stelvio/suv/silnik-diesla-2.2-jtdm-2-210km-2017-2019/,5,5,11.7 m,5.8 m,4687 mm,1903 mm,1648 mm,2818 mm,1622 mm,1675 mm,brak danych,brak danych,207 mm,brak danych,2163 mm,1960 mm,brak danych,brak danych,brak danych,brak danych,brak danych,brak danych,brak danych,brak danych,brak danych,brak danych,brak danych,brak danych,brak danych,brak danych,brak danych,brak danych,brak danych,brak danych,brak danych,brak danych,brak danych,brak danych,brak danych,brak danych,brak danych,brak danych,brak danych,brak danych,brak danych,brak danych,brak danych,525 l,brak danych,brak danych,brak danych,brak danych,brak danych,brak danych,brak danych,brak danych,brak danych,brak danych,brak danych,brak danych,brak danych,brak danych,brak danych,brak danych,brak danych,od 2017 do 2019 roku,2143 cm³,diesel,210 KM (154 kW) przy 3750 obr/min,470 Nm przy 1750 obr/min,turbosprężarkowe,DOHC,4,rzędowy,16,16.0 : 1,83 × 93 mm,elektroniczny,bezpośredni Common Rail,brak danych,brak danych,brak danych,przekładnia zębatkowa ze wspomaganiem elektrycznym,235/60 R18,brak danych,brak danych,brak danych,brak danych,tarczowe wentylowane,tarczowe wentylowane,brak danych,brak danych,brak danych,brak danych,brak danych,brak danych,wielowahaczowe double wishbone,system o architekturze Multilink,gazowe,automatyczna,"",4x4,AT8,brak danych,215 km/h,6.0 s,brak danych,brak danych,5.0 l/100km,5.0 l/100km,6.0 l/100km,64 l,1280 km,1280 km,1067 km,155 g/km,Euro 6d,1745 kg,brak danych,brak danych,brak danych,brak danych,brak danych,brak danych,dostępny,brak danych,8
Alfa Romeo Tonale SUV PHEV 1.3 PHEV Q4 280KM 206kW od 2022,alfa romeo,tonale,https://www.autocentrum.pl/dane-techniczne/alfa-romeo/tonale/suv-phev/silnik-hybrydowy-1.3-phev-q4-280km-od-2022/,5,5,11.6 m,5.8 m,4528 mm,1841 mm,1601 mm,2636 mm,brak danych,brak danych,951 mm,941 mm,156 mm,brak danych,2082 mm,brak danych,brak danych,brak danych,brak danych,brak danych,brak danych,brak danych,brak danych,brak danych,brak danych,brak danych,brak danych,brak danych,brak danych,brak danych,brak danych,brak danych,brak danych,brak danych,brak danych,brak danych,brak danych,brak danych,brak danych,brak danych,brak danych,brak danych,brak danych,brak danych,brak danych,brak danych,brak danych,500 l,1550 l,brak danych,brak danych,brak danych,brak danych,brak danych,brak danych,brak danych,brak danych,brak danych,brak danych,brak danych,brak danych,brak danych,brak danych,brak danych,brak danych,od 2022 roku,1332 cm³,hybrydowy plug-in,280 KM (206 kW) przy 5750 obr/min,270 Nm przy 1850 obr/min,turbosprężarkowe,DOHC,4,rzędowy,16,"",brak danych,iskrowy,bezpośredni,"z przodu, poprzecznie",brak danych,brak danych,przekładnia zębatkowa ze wspomaganiem elektrycznym,brak danych,brak danych,brak danych,brak danych,brak danych,tarczowe wentylowane,tarczowe,330 mm,278 mm,brak danych,brak danych,28 mm,12 mm,"niezależne typu McPherson, sprężyny śrubowe",system o architekturze Multilink,gazowe,automatyczna,"",4x4,brak danych,hydrokinetyczne,206 km/h,6.5 s,brak danych,brak danych,1.4 l/100km,brak danych,brak danych,55 l,3929 km,"","",33 g/km,Euro 6d,1835 kg,brak danych,brak danych,brak danych,brak danych,brak danych,brak danych,dostępny,brak danych,6
Alfa Romeo Tonale SUV 1.6 JTD 130KM 96kW od 2022,alfa romeo,tonale,https://www.autocentrum.pl/dane-techniczne/alfa-romeo/tonale/suv/silnik-diesla-1.6-jtd-130km-od-2022/,5,5,11.6 m,5.8 m,4528 mm,1841 mm,1601 mm,2636 mm,brak danych,brak danych,951 mm,941 mm,168 mm,brak danych,brak danych,brak danych,brak danych,brak danych,brak danych,brak danych,brak danych,brak danych,brak danych,brak danych,brak danych,brak danych,brak danych,brak danych,brak danych,brak danych,brak danych,brak danych,brak danych,brak danych,brak danych,brak danych,brak danych,brak danych,brak danych,brak danych,brak danych,brak danych,brak danych,brak danych,brak danych,brak danych,brak danych,500 l,1550 l,brak danych,brak danych,brak danych,brak danych,brak danych,brak danych,brak danych,brak danych,brak danych,brak danych,brak danych,brak danych,brak danych,brak danych,brak danych,brak danych,od 2022 roku,1598 cm³,diesel,130 KM (96 kW) przy 3750 obr/min,320 Nm przy 1500 obr/min,turbosprężarkowe,DOHC,4,rzędowy,16,"",brak danych,samoczynny,bezpośredni Common Rail,"z przodu, poprzecznie",brak danych,brak danych,przekładnia zębatkowa ze wspomaganiem elektrycznym,brak danych,brak danych,brak danych,brak danych,brak danych,tarczowe wentylowane,"tarcze wentylowane, 2-tłoczkowe zaciski",305 mm,278 mm,brak danych,brak danych,28 mm,12 mm,"niezależne typu McPherson, sprężyny śrubowe",system o architekturze Multilink,gazowe,automatyczna,"",na przednią oś,TCT,hydrokinetyczne,194 km/h,10.9 s,brak danych,brak danych,5.9 l/100km,brak danych,brak danych,55 l,932 km,"","",155 g/km,Euro 6d,1670 kg,brak danych,1500 kg,750 kg,brak danych,brak danych,brak danych,dostępny,brak danych,6
Alfa Romeo Tonale SUV 1.5 T4 160KM 118kW od 2022,alfa romeo,tonale,https://www.autocentrum.pl/dane-techniczne/alfa-romeo/tonale/suv/silnik-hybrydowy-1.5-t4-160km-od-2022/,5,5,11.6 m,5.8 m,4528 mm,1841 mm,1601 mm,2636 mm,brak danych,brak danych,951 mm,941 mm,168 mm,brak danych,brak danych,brak danych,brak danych,brak danych,brak danych,brak danych,brak danych,brak danych,brak danych,brak danych,brak danych,brak danych,brak danych,brak danych,brak danych,brak danych,brak danych,brak danych,brak danych,brak danych,brak danych,brak danych,brak danych,brak danych,brak danych,brak danych,brak danych,brak danych,brak danych,brak danych,brak danych,brak danych,brak danych,500 l,1550 l,brak danych,brak danych,brak danych,brak danych,brak danych,brak danych,brak danych,brak danych,brak danych,brak danych,brak danych,brak danych,brak danych,brak danych,brak danych,brak danych,od 2022 roku,1469 cm³,hybrydowy,160 KM (118 kW) przy 5750 obr/min,240 Nm przy 1500 obr/min,turbosprężarkowe,DOHC,4,rzędowy,16,12.5 : 1,71.2 × 92.2 mm,iskrowy,bezpośredni,"z przodu, poprzecznie",brak danych,brak danych,przekładnia zębatkowa ze wspomaganiem elektrycznym,235/50 R18,brak danych,"7,50Jx18",brak danych,brak danych,tarczowe wentylowane,tarczowe,305 mm,278 mm,brak danych,brak danych,28 mm,12 mm,"niezależne typu McPherson, sprężyny śrubowe",system o architekturze Multilink,gazowe,automatyczna,"",na przednią oś,TCT,hydrokinetyczne,212 km/h,8.8 s,brak danych,brak danych,6.5 l/100km,5.0 l/100km,7.8 l/100km,55 l,846 km,1100 km,705 km,148 g/km,Euro 6d,1525 kg,2135 kg,1500 kg,750 kg,brak danych,brak danych,brak danych,dostępny,brak danych,7
Alfa Romeo Tonale SUV 1.5 T4 Hybrid 130KM 96kW od 2022,alfa romeo,tonale,https://www.autocentrum.pl/dane-techniczne/alfa-romeo/tonale/suv/silnik-hybrydowy-1.5-t4-hybrid-130km-od-2022/,5,5,11.6 m,5.8 m,4528 mm,1841 mm,1601 mm,2636 mm,brak danych,brak danych,951 mm,941 mm,168 mm,brak danych,brak danych,brak danych,brak danych,brak danych,brak danych,brak danych,brak danych,brak danych,brak danych,brak danych,brak danych,brak danych,brak danych,brak danych,brak danych,brak danych,brak danych,brak danych,brak danych,brak danych,brak danych,brak danych,brak danych,brak danych,brak danych,brak danych,brak danych,brak danych,brak danych,brak danych,brak danych,brak danych,brak danych,500 l,1550 l,brak danych,brak danych,brak danych,brak danych,brak danych,brak danych,brak danych,brak danych,brak danych,brak danych,brak danych,brak danych,brak danych,brak danych,brak danych,brak danych,od 2022 roku,1469 cm³,hybrydowy,130 KM (96 kW) przy 5500 obr/min,240 Nm przy 1500 obr/min,turbosprężarkowe,DOHC,4,rzędowy,16,"",brak danych,iskrowy,bezpośredni,"z przodu, poprzecznie",brak danych,brak danych,przekładnia zębatkowa ze wspomaganiem elektrycznym,brak danych,brak danych,brak danych,brak danych,brak danych,tarczowe wentylowane,tarczowe,305 mm,278 mm,brak danych,brak danych,28 mm,12 mm,"niezależne typu McPherson, sprężyny śrubowe",wielowahaczowe,gazowe,automatyczna,"",na przednią oś,DCT,hydrokinetyczne,200 km/h,9.6 s,brak danych,brak danych,6.2 l/100km,brak danych,brak danych,55 l,887 km,"","",142 g/km,Euro 6d,1600 kg,brak danych,1500 kg,610 kg,brak danych,brak danych,brak danych,dostępny,brak danych,7
